[1,["fblvUW1QVHTZvyKCp4x9c9","72vbNkbM1AsJ61A6+zz+mp","ceqwFghENH5pVwI7IxFwpw","91yDKg+9lPRJi/0bgOeYiF","94NN1ZWTlJa5rGB0xX2XG+","e5coUac6xGC4wZ55wo7OnB","ffTBZxIfNCl62rIQOVNFz2@6c48a","d2xSDLYZdPIrFeVSetCoOa@6c48a","c0e9AuDytNF4ZDi384YG2N@06ee4","a8ka6kKilNCL06H7YRUncl","bdx3NGFNRHPYIG/RWYxqAH@292a7","bdx3NGFNRHPYIG/RWYxqAH@2e7fc","c0e9AuDytNF4ZDi384YG2N@e9551","c0e9AuDytNF4ZDi384YG2N@b3d68","b8T8D2EIBNaIouU/DSoua2@83baf","b8T8D2EIBNaIouU/DSoua2@fa45e","90Q6glXPFEFJ4v4cNATiL1@6c48a","d1NGQ2rJZCcbhjH0/erZWw","f6lwCIoz9Fdank/nglIrF3@6d43a","f6lwCIoz9Fdank/nglIrF3@a6687","da0rRi2zNMQaUXm1l2t9hP@6c48a","3cRzQ5COdB7oniI2LZrc5w@d3ac0","173rzDCmtLirAL3Fi4hVge","08o0qioMdD8YhOcfm5yIwV@06ee4","08o0qioMdD8YhOcfm5yIwV@438fe","09qhFO4wJB84BdEOuHsBfV@3f504","09qhFO4wJB84BdEOuHsBfV@438fe","12fK0Ut3dDC5Q8Cxwjce8D@06ee4","12fK0Ut3dDC5Q8Cxwjce8D@438fe","16if4nrEJJpY33iofBQCHo@06ee4","16if4nrEJJpY33iofBQCHo@438fe","21SNI7JzlMZK/L0vpQympz@7d481","21SNI7JzlMZK/L0vpQympz@438fe","e2oLEmPplEMJvOeEbo+DJC@db870","34MEMhOlZHMLOPERsVmFpR@26b41","2csA1yzMNIz4Yq9DDVzHnF@3f504","2csA1yzMNIz4Yq9DDVzHnF@438fe","a2T5/aR4NKAoqBf3pq2G19@f64f4","32mCeut49Cba8VPHVGegzw@7d481","32mCeut49Cba8VPHVGegzw@438fe","326qLmXKxNeKDo/HwxOC6/@3f504","326qLmXKxNeKDo/HwxOC6/@438fe","8a8ef4TrdDX7DUmTBSKgCE@1a038","34MEMhOlZHMLOPERsVmFpR@7d481","34MEMhOlZHMLOPERsVmFpR@438fe","c6Ozn2CGVKC5tBhA4yAYLk@bb0f6","b9CeyokChM34J5oftQ2NWp@280a3","3cRzQ5COdB7oniI2LZrc5w@d75d5","3cRzQ5COdB7oniI2LZrc5w@438fe","2csA1yzMNIz4Yq9DDVzHnF@a439f","06f1+2kYFNCrBVGAw62zzI","e4xRA7tMtMuLmXvNf2HNiu@8be55","4fVB/A9vpJtb4cDSBaVOej@3f504","4fVB/A9vpJtb4cDSBaVOej@438fe","57H8ExDFxKaa35JNFHkAVE@06ee4","57H8ExDFxKaa35JNFHkAVE@438fe","5a6pvpbSJJkrbdva7tYMXY@7d481","5a6pvpbSJJkrbdva7tYMXY@438fe","21SNI7JzlMZK/L0vpQympz@eda73","63fFx296ZIIZ1SqCYQmIej@3f504","63fFx296ZIIZ1SqCYQmIej@438fe","08o0qioMdD8YhOcfm5yIwV@1729c","69Dz+lhINBMJoVMsVNCcjs@3f504","69Dz+lhINBMJoVMsVNCcjs@438fe","326qLmXKxNeKDo/HwxOC6/@c32ff","ee0hYelwdKAIhv1svxOkxt","5c7UKtm7BCcKMqwWDFZBUD","ccuguAOxpGmpVAMIS9TINi@b5daa","77JeeCaLVPeaaVlWktVG9o@7d481","77JeeCaLVPeaaVlWktVG9o@438fe","a0c0Zf8wtEOoZkDyWKv+xK@c895d","8a8ef4TrdDX7DUmTBSKgCE@7d481","8a8ef4TrdDX7DUmTBSKgCE@438fe","8bDiduNtRLMoNUTaPTURcp@06ee4","8bDiduNtRLMoNUTaPTURcp@438fe","b8M3hBOEtEdrcH5aH3iOpe@3c754","63fFx296ZIIZ1SqCYQmIej@b82ce","8e5d7ouAVF3aQdXySm41Xl@06ee4","8e5d7ouAVF3aQdXySm41Xl@438fe","f40pSxEWFAFoCBkymHkKD2@25961","70UBMG/N1JbL7lx0efVqQG","18vs2sfRVCRpgqSPowijrA","0cTQ4tS9RGaZZrokzVePKZ","97cYnY0ClF/IzFDhxUDW28","77JeeCaLVPeaaVlWktVG9o@9f324","cbqXEW15NNi5dYYnGRR9Pu@f9ee3","eeLbuEg+9Df5d47xT6Zdp9@6628a","a0c0Zf8wtEOoZkDyWKv+xK@d75d5","a0c0Zf8wtEOoZkDyWKv+xK@438fe","aekLJgAt9MQqvU41X7G/ee","a2T5/aR4NKAoqBf3pq2G19@06ee4","a2T5/aR4NKAoqBf3pq2G19@438fe","32mCeut49Cba8VPHVGegzw@8f587","8bDiduNtRLMoNUTaPTURcp@bbff7","16if4nrEJJpY33iofBQCHo@9c472","09qhFO4wJB84BdEOuHsBfV@00a5f","b8M3hBOEtEdrcH5aH3iOpe@3f504","b8M3hBOEtEdrcH5aH3iOpe@438fe","b9CeyokChM34J5oftQ2NWp@3f504","b9CeyokChM34J5oftQ2NWp@438fe","b9wx+kIydMmYHFk/xjhXEU@d75d5","b9wx+kIydMmYHFk/xjhXEU@438fe","b9wx+kIydMmYHFk/xjhXEU@58052","c6Ozn2CGVKC5tBhA4yAYLk@d75d5","c6Ozn2CGVKC5tBhA4yAYLk@438fe","69Dz+lhINBMJoVMsVNCcjs@63e5e","cbqXEW15NNi5dYYnGRR9Pu@d75d5","cbqXEW15NNi5dYYnGRR9Pu@438fe","8e5d7ouAVF3aQdXySm41Xl@1e134","ccuguAOxpGmpVAMIS9TINi@7d481","ccuguAOxpGmpVAMIS9TINi@438fe","267oDI9UlKUKPwJJjBd9So","2cl57Whd5M47LPiEqcYtKb","4fVB/A9vpJtb4cDSBaVOej@2dc4b","57H8ExDFxKaa35JNFHkAVE@52d48","5a6pvpbSJJkrbdva7tYMXY@ed0c3","e2oLEmPplEMJvOeEbo+DJC@d75d5","e2oLEmPplEMJvOeEbo+DJC@438fe","e4xRA7tMtMuLmXvNf2HNiu@d75d5","e4xRA7tMtMuLmXvNf2HNiu@438fe","eeLbuEg+9Df5d47xT6Zdp9@06ee4","eeLbuEg+9Df5d47xT6Zdp9@438fe","12fK0Ut3dDC5Q8Cxwjce8D@71271","f40pSxEWFAFoCBkymHkKD2@d75d5","f40pSxEWFAFoCBkymHkKD2@438fe","f8037AKz5ObLX2h/iMI9wF@7d481","f8037AKz5ObLX2h/iMI9wF@438fe","7agjyxogZP1bK1c8rb43Ey","f8037AKz5ObLX2h/iMI9wF@1e45c"],["_parent","targetInfo","node","value","root","data","_mesh","prefabRootNode","asset","graph","_skeleton","to","from","clip","_particleSystem","_mainTexture","mainTexture","_effectAsset","_anyState","_exitState","_entryState","outterTexture"],[["cc.Node",["_name","_objFlags","__editorExtras__","_layer","_prefab","_children","_lrot","_euler","_lpos","_parent","_lscale","_components"],-1,4,2,5,5,5,1,5,9],["cc.ShapeModule",["_enable","radius","length","_angle","_shapeType","emitFrom","sphericalDirectionAmount","randomPositionAmount","randomDirectionAmount","radiusThickness","arcSpeed","_rotation","_scale"],-7,4,5,5],["cc.RealKeyframeValue",["interpolationMode","value","rightTangentWeight","leftTangentWeight","rightTangent","leftTangent"],-3],["cc.Node",["_name","_layer","_active","_parent","_prefab","_lpos","_components","_children","_lrot","_euler","_lscale"],0,1,4,5,12,9,5,5,5],["cc.CurveRange",["mode","multiplier","constantMin","constantMax","constant","spline","splineMin","splineMax"],-2,4,4,4],["cc.ParticleSystem",["scaleSpace","duration","playOnAwake","_simulationSpace","loop","simulationSpeed","node","__prefab","_materials","startColor","startSizeX","startSizeY","startSizeZ","startSpeed","startRotationX","startRotationY","startRotationZ","startDelay","startLifetime","gravityModifier","rateOverTime","rateOverDistance","_colorOverLifetimeModule","_shapeModule","_sizeOvertimeModule","_velocityOvertimeModule","_forceOvertimeModule","_limitVelocityOvertimeModule","_rotationOvertimeModule","_textureAnimationModule","_trailModule","renderer","bursts"],-3,1,4,12,4,4,4,4,4,4,4,4,4,4,4,4,4,4,4,4,4,4,4,4,4,4,4,9],["cc.GradientRange",["_mode","colorMax","color","gradient","colorMin"],2,5,5,4,5],["cc.ParticleSystemRenderer",["_renderMode","_alignSpace","_mainTexture","_mesh"],1,6,6],["cc.animation.AnimationTransition",["exitConditionEnabled","duration","relativeDuration","from","to","conditions"],0,1,1,9],["cc.Prefab",["_name"],2],["cc.PrefabInfo",["fileId","root","asset","nestedPrefabInstanceRoots"],2,1,1,2],["cc.Material",["_states","_defines","_techIdx","_props"],0,12],["cc.ParticleSystem",["scaleSpace","duration","playOnAwake","startSize3D","_simulationSpace","loop","_capacity","node","__prefab","_materials","startColor","startSizeX","startSizeY","startSizeZ","startSpeed","startRotationX","startRotationY","startRotationZ","startDelay","startLifetime","gravityModifier","rateOverTime","rateOverDistance","_colorOverLifetimeModule","_shapeModule","_sizeOvertimeModule","_velocityOvertimeModule","_forceOvertimeModule","_limitVelocityOvertimeModule","_rotationOvertimeModule","_textureAnimationModule","_trailModule","renderer","bursts"],-4,1,4,3,4,4,4,4,4,4,4,4,4,4,4,4,4,4,4,4,4,4,4,4,4,4,4,9],["cc.Burst",["_time","count"],2,4],["cc.ColorOvertimeModule",["_enable","color"],2,4],["cc.SizeOvertimeModule",["_enable","separateAxes","size","x","y","z"],1,4,4,4,4],["cc.VelocityOvertimeModule",["_enable","x","y","z","speedModifier"],2,4,4,4,4],["cc.TrailModule",["_enable","_minParticleDistance","lifeTime","widthRatio","colorOverTrail","colorOvertime","_particleSystem"],1,4,4,4,4,1],["cc.animation.UnaryCondition",["operator","operand"],2,4],["cc.animation.Variable",["_type","_value"],1],["cc.animation.AnimationBlend1DItem",["threshold","motion"],2,4],["cc.animation.BindableNumber",["variable","value"],1],["cc.Node",["_name","_layer","_children","_components","_prefab","_lpos"],1,2,12,4,5],["cc.PrefabInfo",["fileId","root","instance","asset"],2,1,4,6],["cc.PrefabInstance",["fileId","prefabRootNode","mountedComponents","propertyOverrides","removedComponents"],2,1,9,9,9],["cc.MountedComponentsInfo",["targetInfo","components"],3,4,12],["cc.MountedComponentsInfo",["targetInfo","components"],3,4,9],["cc.TargetInfo",["localID"],2],["cc.animation.AnimationController",["node","__prefab","graph"],3,1,4,6],["cc.CompPrefabInfo",["fileId"],2],["ac550k6HaJEIqPwtu6geUau",["node","__prefab","_colors"],3,1,4,9],["ColorEntry",["_id","_color"],2,5],["CCPropertyOverrideInfo",["value","propertyPath","targetInfo"],1,1],["CCPropertyOverrideInfo",["propertyPath","targetInfo","value"],2,1,8],["CCPropertyOverrideInfo",["propertyPath","targetInfo","value"],2,1,6],["CCPropertyOverrideInfo",["propertyPath","targetInfo","value"],2,1,1],["CCPropertyOverrideInfo",["value","propertyPath","targetInfo"],1,4],["CCPropertyOverrideInfo",["propertyPath","targetInfo","value"],2,4,8],["CCPropertyOverrideInfo",["propertyPath","targetInfo","value"],2,4,6],["CCPropertyOverrideInfo",["propertyPath","targetInfo","value"],2,4,1],["cc.Mesh",["_native","_hash","_struct"],1,11],["cc.SkeletalAnimation",["node","__prefab"],3,1,4],["cc.SkinnedMeshRenderer",["_materials","node","__prefab","lightmapSettings","_skinningRoot","_mesh","_skeleton"],2,1,4,4,1,6,6],["cc.ModelLightmapSettings",[],3],["cc.Skeleton",["_name","_hash","_joints","_bindposes"],0,12],["cc.EffectAsset",["_name","shaders","techniques"],0],["c83f3h67FpJDoLcaBUEDjiF",["node","__prefab"],3,1,4],["cc.Gradient",["alphaKeys"],3,9],["cc.AlphaKey",["alpha","time"],1],["cc.RealCurve",["_times","_values"],2,9],["cc.ForceOvertimeModule",["x","y","z"],3,4,4,4],["cc.LimitVelocityOvertimeModule",["limitX","limitY","limitZ","limit"],3,4,4,4,4],["cc.RotationOvertimeModule",["x","y","z"],3,4,4,4],["cc.TextureAnimationModule",["frameOverTime","startFrame"],3,4,4],["cc.animation.AnimationGraph",["_layers","_variables"],3,9,11],["cc.animation.Layer",["_stateMachine"],3,4],["cc.animation.StateMachine",["_states","_transitions","_entryState","_exitState","_anyState"],3,2,9,1,1,1],["cc.animation.TriggerCondition",["trigger"],2],["cc.animation.Transition",["from","to"],3,1,1],["cc.animation.BindableBoolean",["variable"],2],["cc.animation.Motion",["name","motion","speed"],2,4,4],["cc.animation.AnimationBlend1D",["name","_items","param"],2,9,4],["cc.animation.ClipMotion",["clip"],3,6],["cc.animation.State",["name"],2],["0c5d3ln13dJiYvGTuhGpTgh",["node","__prefab"],3,1,4]],[[10,0,1,2,2],[4,1],[27,0,2],[29,0,2],[0,0,9,4,8,2],[31,0,1,2],[3,0,3,7,4,5,8,9,2],[33,0,1,2,2],[0,0,9,5,4,8,6,7,2],[37,0,1,2,2],[4,4,2],[49,0,1,2],[34,0,1,2,2],[35,0,1,2,2],[2,0,1,4,5,5],[2,0,4,2,5,3,6],[9,0,2],[40,0,1,2,3],[9,1],[0,1,2,4,3],[0,0,5,4,2],[0,0,5,11,4,2],[0,0,9,5,4,6,10,7,2],[23,0,1,2,3,2],[10,0,1,2,3,2],[24,0,1,2,3,4,2],[28,0,1,2,1],[30,0,1,2,1],[41,0,1,1],[42,0,1,2,3,4,5,6,2],[43,1],[44,0,1,2,3,4],[3,0,3,7,4,5,8,10,9,2],[38,0,1,2,2],[0,0,9,11,4,8,6,10,7,2],[39,0,1,2,2],[62,0,1],[25,0,1,1],[48,0,1,3],[4,0,5,2],[4,0,2,3,4],[32,0,1,2,3],[6,1],[0,0,5,4,8,6,7,2],[60,0,1,2,2],[21,1,2],[0,0,5,4,8,6,10,7,2],[36,0,1,2,3],[4,0,1,5,3],[2,0,2,3,4],[2,0,1,3],[19,0,1,3],[63,0,2],[6,0,3,2],[47,0,1],[2,0,1,2,3,5],[50,0,1,2,1],[51,0,1,2,3,1],[52,0,1,2,1],[53,0,1,1],[26,0,1,1],[13,0,1,2],[15,0,1,2,3,4,5,3],[2,0,2],[17,2,3,4,5,6,1],[0,0,9,11,4,6,10,7,2],[46,0,1,1],[2,0,4,5,4],[8,0,3,4,5,2],[8,3,4,1],[57,0,2],[59,0,2],[61,0,1,2,2],[20,1,1],[20,0,1,2],[21,0,2],[4,0,1,6,7,3],[13,1,1],[14,1,1],[8,1,0,3,4,5,3],[6,2,1],[2,0,1,4,2,5,3,7],[16,0,1,2,3,4,2],[16,1,2,3,4,1],[3,0,3,7,4,5,2],[5,0,1,4,2,3,6,7,8,9,10,11,12,13,14,15,16,17,18,19,20,21,32,22,23,24,25,26,27,28,29,30,31,6],[6,0,4,1,2],[7,0,2,2],[54,0,1,1],[55,0,1],[56,0,1,2,3,4,1],[58,0,1,1],[18,0,1,2],[18,1,1],[19,1],[3,0,1,3,6,4,5,3],[14,0,1,2],[7,2,1],[64,0,1,1],[0,0,9,5,4,8,6,10,7,2],[3,0,1,3,6,4,3],[3,0,1,3,6,4,5,8,9,3],[22,0,1,2,3,4,5,3],[11,0,1,3,3],[11,2,0,1,3,4],[45,0,1,2,4],[1,0,8,6,7,1,2,3,10,11,8],[7,3,2,1],[0,0,3,5,4,3],[3,0,2,1,3,6,4,5,4],[5,0,1,4,2,6,7,8,9,10,11,12,13,14,15,16,17,18,19,20,21,32,22,23,24,25,26,27,28,29,30,31,5],[5,0,1,2,3,6,7,8,9,10,11,12,13,14,15,16,17,18,19,20,21,22,23,24,25,26,27,28,29,30,31,5],[5,0,1,5,2,3,6,7,8,9,10,11,12,13,14,15,16,17,18,19,20,21,22,23,24,25,26,27,28,29,30,31,6],[5,0,1,4,5,2,3,6,7,8,9,10,11,12,13,14,15,16,17,18,19,20,21,32,22,23,24,25,26,27,28,29,30,31,7],[12,0,3,1,2,4,7,8,9,10,11,12,13,14,15,16,17,18,19,20,21,22,23,24,25,26,27,28,29,30,31,32,6],[12,0,1,5,2,6,7,8,9,10,11,12,13,14,15,16,17,18,19,20,21,22,33,23,24,25,26,27,28,29,30,31,32,6],[6,0,1,2],[1,0,4,6,2,3,10,11,6],[1,0,5,1,2,3,10,6],[1,0,7,1,2,3,10,6],[1,0,1,2,3,10,11,12,5],[1,0,4,5,6,7,1,2,3,10,11,9],[1,0,4,1,9,2,3,10,11,7],[1,0,4,5,1,10,11,5],[1,0,4,5,1,2,3,10,11,7],[15,0,2,3,4,5,2],[17,0,1,2,3,4,5,6,3],[7,1,2,2],[8,1,2,0,3,4,5,4]],[[[[16,"SM_SlimeDrop8"],[19,0,null,[23,"b8lU3ieS1ZDqvu1ulnqsQ+",-15,[25,"34jIv04XdKz5kE1ED9J8ob",-14,[[37,[2,["b8lU3ieS1ZDqvu1ulnqsQ+"]],[[[26,-12,[3,"6eJTIedUtHbaKW8mzqNjG3"],1],[27,-13,[3,"126l8PZDJJ+5zu5e1z7LoR"],[[5,"default",[4,4290883191]],[5,"light",[4,4284634176]],[5,"dark",[4,4291940534]],[5,"highlight",[4,4294966162]]]],null],4,4,0]]],[[41,"SM_SlimeDrop8",["_name"],-1],[7,["_lpos"],-2,[1,0,0,0]],[7,["_lrot"],-3,[3,0,1,0,6.123233995736766e-17]],[7,["_euler"],-4,[1,0,180,0]],[7,["_lscale"],-5,[1,0.6,0.6,0.6]],[12,["_materials","0"],-6,2],[13,["_skinningRoot"],-8,-7],[12,["_materials","0"],-9,3],[13,["_skinningRoot"],-11,-10]],[[2,["ffyRD8keVRNYBdViJffC5B"]],[2,["126l8PZDJJ+5zu5e1z7LoR"]]]],0]],[2,["b8lU3ieS1ZDqvu1ulnqsQ+"]],[20,"SM_SlimeDrop8",[1],[24,"c46/YsCPVOJYA4mWEpNYRx",-16,0,[1]]],[2,["d2tyF8URxQQob4Ecr4xBZ6"]],[2,["44HncwPN9XkaM8MyrLKNPe"]]],0,[0,1,2,0,1,2,0,1,2,0,1,2,0,1,2,0,1,4,0,3,1,0,1,4,0,1,5,0,3,1,0,1,5,0,2,1,0,2,1,0,7,3,0,4,1,0,4,3,0,5,3,1,0,3,16],[0,0,0,0],[8,9,3,3],[21,1,0,0]],[[[103,[{"rasterizerState":{},"depthStencilState":{},"blendState":{"targets":[{}]}}],[{}],[[[{},"mainTexture",6,0]],11]]],0,0,[0,0],[16,17],[7,22]],[[[17,".bin",1552471501,[{"primitives":[{"primitiveMode":7,"jointMapIndex":0,"vertexBundelIndices":[0],"indexView":{"offset":37008,"length":12012,"count":3003,"stride":4}}],"vertexBundles":[{"view":{"offset":0,"length":37008,"count":514,"stride":72},"attributes":[{"name":"a_position","format":32,"isNormalized":false},{"name":"a_normal","format":32,"isNormalized":false},{"name":"a_texCoord","format":21,"isNormalized":false},{"name":"a_tangent","format":44,"isNormalized":false},{"name":"a_joints","format":42,"isNormalized":false},{"name":"a_weights","format":44,"isNormalized":false}]}],"jointMaps":[[0,1,2,3,4,5,6,7,8]]},"minPosition",8,[1,-0.014482417143881321,-0.013305162079632282,-0.0003898310533259064],"maxPosition",8,[1,0.014482350088655949,0.014475268311798573,0.029932551085948944]]],-1],0,0,[],[],[]],[[[18],[21,"SM_SlimeBunny3",[-3,-4],[[28,-2,[3,"a6QFdiEWxej4atCwnUACsb"]]],[0,"c28MlAcUldTacUnkpRjU6Z",-1,0]],[43,"Pivot",[-5,-6,-7,-8],[0,"ca1b9M1O5bU5qwX5oh7g+D",1,0],[1,-3.442731966174506e-8,-0.00016958113701548427,0.008516307920217514],[3,0.652643618995905,-6.66274272849954e-7,0.000008947255055568983,0.7576650358195438],[1,81.4824344709257,-0.0007269896649909561,0.0007269897828628671]],[8,"head",2,[-9,-10],[0,"bbxb4X6XpbyJB/nTjgijk9",1,0],[1,1.3123202791121003e-7,0.013998100534081459,0.00043660058872774243],[3,0.02448111176484036,-0.0000064975942143676816,-0.000006186969946125289,0.9997002926308765],[1,2.8056090521270316,-0.0007269898133197381,-0.0007269899348475763]],[65,"SlimeBunny",1,[[29,[null],-11,[3,"b8lCGxbrpctY9sIpWdYcVT"],[30],1,0,1]],[0,"3aSHVamVlQIIQGqQFX1boF",1,0],[3,-0.7071068407911908,0,0,0.7071067215818992],[1,100,100,100],[1,-90.00000965934633,0,0]],[22,"ArmatureSlimeBunny",1,[2],[0,"1698YeAZVbmaAzgq5wUylV",1,0],[3,-0.7071068407911908,0,0,0.7071067215818992],[1,100,100,100],[1,-90.00000965934633,0,0]],[6,"face",2,[[4,"face_end",-12,[0,"93iEjKhpNQIq7lo7cZRaUA",1,0],[1,8.470329283216386e-24,0.0028729704208672047,0]]],[0,"a1wi3a1LJemYSuINXxPhP9",1,0],[1,-2.241840775241144e-7,-0.0017976862145587802,0.012488530948758125],[3,-1.1922652101223641e-11,-0.000006344183020445821,-0.000006344181201456418,0.9999999999597513],[1,-5.978390461540754e-9,-0.0007269898231176436,-0.0007269896146009562]],[6,"eye.l",2,[[4,"eye.l_end",-13,[0,"bcQLSLzkFXW5xuUd+D7kXt",1,0],[1,0,0.0023512556217610836,0]]],[0,"2bLRjWCVZfNbCYsLZKRvSh",1,0],[1,0.006548650097101927,-0.0018549247179180384,0.011895681731402874],[3,-0.0000012149799570807608,-0.0000063514924647566595,0.1291556771847916,0.9916243295770432],[1,-0.000045577875144805006,-0.0007280385936560217,14.84160973335333]],[6,"eye.r",2,[[4,"eye.r_end",-14,[0,"60FyTN8F9TQbBJRbrpUiDD",1,0],[1,1.1102229998097382e-18,0.0023512556217610836,0]]],[0,"b6Gve/6P5abqyjKmT+O0/E",1,0],[1,-0.006548998411744833,-0.0018547590589150786,0.011895513162016869],[3,7.190644284952997e-7,-0.00000627114069284464,-0.12916816979345852,0.9916227023784621],[1,-0.000011498043849128312,-0.0007261884670539382,-14.843053373120183]],[8,"bunnyEar1.l",3,[-15],[0,"5fabPjdKlXvY921kIOTVV3",1,0],[1,0.00400546146556735,0.0026755845174193382,0.0034360704012215137],[3,-0.1572915886294204,-0.028766138014948206,-0.12082277788469525,0.9797110399471692],[1,-18.884003535029013,-5.561815907854088,-13.161314949633123]],[6,"bunnyEar2.l",9,[[4,"bunnyEar2.l_end",-16,[0,"5eeoWs4NBYIqd0ZaRti2uW",1,0],[1,0,0.005733098369091749,0]]],[0,"80aaiKY0lRpq/nTxneLZrS",1,0],[1,9.220093577511079e-10,0.006919385865330696,-2.60770322002557e-10],[3,0.012262295959773592,0.11038318301786831,0.04842581611085817,0.9926329277928655],[1,0.7861409179479819,12.651769818041242,5.672677099816511]],[8,"bunnyEar1.r",3,[-17],[0,"4dJHfn59xRxIl2Gt2vdkpx",1,0],[1,-0.0040053753182291985,0.002675584051758051,0.0034360704012215137],[3,-0.15729157382216383,0.02876613616947671,0.12082279285798844,0.9797110405320649],[1,-18.884001913483008,5.561815804419181,13.161316768584063]],[6,"bunnyEar2.r",11,[[4,"bunnyEar2.r_end",-18,[0,"5aXQA09PNder7sjLFNW/Om",1,0],[1,1.2490009523341379e-18,0.005733098369091749,2.2204459996194763e-18]]],[0,"edVCGWQ51Y+IyW+hPn5XB5",1,0],[1,-1.5832483934996588e-10,0.006919382605701685,-9.96515203688375e-10],[3,0.012262301546868828,-0.11038318301030475,-0.04842581610753999,0.9926329277248493],[1,0.786141556737026,-12.651769785908511,-5.6726771700661]]],0,[0,4,1,0,2,1,0,-1,4,0,-2,5,0,-1,6,0,-2,7,0,-3,8,0,-4,3,0,-1,9,0,-2,11,0,2,4,0,0,6,0,0,7,0,0,8,0,-1,10,0,0,10,0,-1,12,0,0,12,0,5,1,2,0,5,18],[0,0],[6,10],[23,24]],[[[31,"Skin-0",3445101276,["ArmatureSlimeBunny/Pivot","ArmatureSlimeBunny/Pivot/face","ArmatureSlimeBunny/Pivot/eye.l","ArmatureSlimeBunny/Pivot/eye.r","ArmatureSlimeBunny/Pivot/head","ArmatureSlimeBunny/Pivot/head/bunnyEar1.l","ArmatureSlimeBunny/Pivot/head/bunnyEar1.l/bunnyEar2.l","ArmatureSlimeBunny/Pivot/head/bunnyEar1.r","ArmatureSlimeBunny/Pivot/head/bunnyEar1.r/bunnyEar2.r"],[[[7,1,-0.000012688366041402332,0.000012688366041402332,0,0.000012688366041402332,5.476993784540621e-17,-1,0,0.000012688366041402332,1,1.6099468980179665e-10,0,-8.274969331978355e-8,-0.006521698087453842,-1.0499582973888533e-12,1],[7,1,-2.7284841053187847e-12,-4.392711744858918e-22,0,1.3879868960407707e-28,1.6099463429064542e-10,-1,0,2.7284841053187847e-12,1,1.6099463429064542e-10,0,4.291532462730174e-8,-0.0034922449849545956,-0.012304055504500866,1],[7,0.9666343927383423,-0.256160169839859,-2.2101831120835413e-7,0,-1.5075766413019664e-8,8.059237188717816e-7,-1,0,0.256160169839859,0.9666343927383423,7.751717703285976e-7,0,-0.007525780703872442,-0.0028335866518318653,-0.011895600706338882,1],[7,0.9666343927383423,0.2561599016189575,6.795592355501867e-8,0,1.5077603165991604e-8,2.0839092940150294e-7,-1,0,-0.2561599016189575,0.9666345119476318,1.9757555946853245e-7,0,0.007525780238211155,-0.002833595033735037,-0.011895597912371159,1],[7,1,9.094947017729282e-13,1.4642374165766324e-22,0,-6.174894319129374e-29,1.6099467592400885e-10,-1,0,-9.094947017729282e-13,1,1.6099467592400885e-10,0,4.291536725986589e-8,-0.015976136550307274,0.0007827542722225189,1],[7,0.9887344241142273,0.13262587785720825,-0.0693885013461113,0,-0.12673942744731903,0.4951670467853546,-0.8595037460327148,0,-0.07963353395462036,0.8586150407791138,0.5063976049423218,0,-0.002811271930113435,-0.015232037752866745,-0.011447791010141373,1],[7,0.9852291941642761,-0.15594688057899475,0.07073482125997543,0,0.16167643666267395,0.7110307812690735,-0.6843212842941284,0,0.0564231351017952,0.685649573802948,0.725741446018219,0,-0.006362960208207369,-0.016643889248371124,-0.017667321488261223,1],[7,0.9887344241142273,-0.13262587785720825,0.0693885013461113,0,0.12673942744731903,0.4951670467853546,-0.8595037460327148,0,0.07963353395462036,0.8586150407791138,0.5063976049423218,0,0.002811271930113435,-0.015232037752866745,-0.011447791010141373,1],[7,0.9852291941642761,0.15594688057899475,-0.07073482125997543,0,-0.16167643666267395,0.7110307812690735,-0.6843212842941284,0,-0.0564231351017952,0.685649573802948,0.725741446018219,0,0.006362960208207369,-0.016643889248371124,-0.017667321488261223,1]],8,8,8,8,8,8,8,8,8]]],0,0,[],[],[]],[[[18],[21,"SM_SlimeFrog3",[-3,-4],[[28,-2,[3,"75fNOz+wxae5iI3ZgH7Rst"]]],[0,"bbeBIEVQRb248EVNxa+80a",-1,0]],[43,"Pivot",[-5,-6,-7,-8],[0,"09irUwxABSP6TDXwn+P4C/",1,0],[1,-3.442731966174506e-8,0.0005791032453998923,0.005729429889470339],[3,0.6845986977261023,-0.0000010501346629333819,0.000008910360695135694,0.72892017600779],[1,86.4081103455243,-0.0007867267066458549,0.0006618832357319827]],[34,"SlimeFrog",1,[[29,[null],-9,[3,"89K6w89y9VvbuNqZS1MUjy"],[30],1,0,1]],[0,"f9MOo314dUV5OpoFNDwxdJ",1,0],[1,0,1.2000000476837158,0],[3,-0.7071068407911908,0,0,0.7071067215818992],[1,100,100,100],[1,-90.00000965934633,0,0]],[22,"ArmatureSlimeFrog",1,[2],[0,"d9w7NcMNlepqxwMwStjn3g",1,0],[3,-0.7071068407911908,0,0,0.7071067215818992],[1,100,100,100],[1,-90.00000965934633,0,0]],[6,"face",2,[[4,"face_end",-10,[0,"88Jdsu1atVBqeb7UePMenL",1,0],[1,1.2705493924824579e-23,0.0014085733564570546,-2.2204459996194763e-18]]],[0,"70cPAUKIpey73hZhXHXS1v",1,0],[1,-2.0287069801838697e-8,0.009591029025614262,0.011305642314255238],[3,-1.1922663376926235e-11,-0.0000063441825656984705,-0.000006344181201456418,0.9999999999597513],[1,-5.978391423044492e-9,-0.0007269897710074358,-0.0007269896146009562]],[6,"eye.l",2,[[4,"eye.l_end",-11,[0,"20wStvK9RXS5QcO8xuDW2z",1,0],[1,-6.938893748810864e-20,0.0036189453676342964,0]]],[0,"2dBIHlz7JY3olGxiEG1ZIH",1,0],[1,0.0068537527695298195,0.0114052165299654,0.0054056160151958466],[3,0.17263934297524225,-0.01412873365654439,-0.1906290383405383,0.9662590780343028],[1,20.720841924366045,2.3794256325220267,-21.91757853525046]],[6,"eye.r",2,[[4,"eye.r_end",-12,[0,"33K7ucZ/pXmbikM3MA9R6F",1,0],[1,-1.3877787497621727e-19,0.0036189453676342964,-5.551114999048691e-19]]],[0,"98dHkSke9f742v1UyoVscd",1,0],[1,-0.0068536000326275826,0.011405390687286854,0.005405442323535681],[3,0.1726371330231002,0.014114299644580216,0.19061894519691935,0.9662616750027506],[1,20.720779846865014,-2.380853476401183,21.91612340726264]],[6,"head",2,[[4,"head_end",-13,[0,"78V6++JLNUI50KOQLZEFk8",1,0],[1,0,0.003355023916810751,0]]],[0,"041vhjHrdQT5z71lfqX5CS",1,0],[1,1.4854909125006088e-7,0.016279596835374832,0.001353295287117362],[3,0.024481113626369153,-0.0000064975942140713945,-0.000006186969945843167,0.9997002925852906],[1,2.8056092655064697,-0.0007269898119328694,-0.0007269899361681443]]],0,[0,4,1,0,2,1,0,-1,3,0,-2,4,0,-1,5,0,-2,6,0,-3,7,0,-4,8,0,2,3,0,0,5,0,0,6,0,0,7,0,0,8,0,5,1,2,0,4,13],[0,0],[6,10],[25,26]],[[[17,".bin",981173652,[{"primitives":[{"primitiveMode":7,"jointMapIndex":0,"vertexBundelIndices":[0],"indexView":{"offset":32400,"length":9360,"count":2340,"stride":4}}],"vertexBundles":[{"view":{"offset":0,"length":32400,"count":450,"stride":72},"attributes":[{"name":"a_position","format":32,"isNormalized":false},{"name":"a_normal","format":32,"isNormalized":false},{"name":"a_texCoord","format":21,"isNormalized":false},{"name":"a_tangent","format":44,"isNormalized":false},{"name":"a_joints","format":42,"isNormalized":false},{"name":"a_weights","format":44,"isNormalized":false}]}],"jointMaps":[[0,1,2,3,4]]},"minPosition",8,[1,-0.013827438466250896,-0.012211206369102001,-0.012238665483891964],"maxPosition",8,[1,0.013827438466250896,0.014390239492058754,0.008439222350716591]]],-1],0,0,[],[],[]],[[[31,"Skin-0",2009994149,["ArmatureSlimeFrog/Pivot","ArmatureSlimeFrog/Pivot/face","ArmatureSlimeFrog/Pivot/eye.l","ArmatureSlimeFrog/Pivot/eye.r","ArmatureSlimeFrog/Pivot/head"],[[[7,1,-0.000012688366041402332,0.000012688366041402332,0,0.000012688366041402332,5.476993784540621e-17,-1,0,0.000012688366041402332,1,1.6099468980179665e-10,0,8.042966470611645e-8,0.007087534759193659,0.0007486843969672918,1],[7,1,-2.7284841053187847e-12,-4.392711744858918e-22,0,1.3879868960407707e-28,1.6099463429064542e-10,-1,0,2.7284841053187847e-12,1,1.6099463429064542e-10,0,7.36374604261308e-16,-0.0013967836275696754,-0.009537477046251297,1],[7,0.9269261956214905,0.3635091185569763,-0.09310813248157501,0,0.03852785378694534,-0.3390108048915863,-0.9399933815002441,0,-0.37326082587242126,0.8677173256874084,-0.328243225812912,0,-0.0045617809519171715,-0.007816694676876068,-0.002321992302313447,1],[7,0.9269261956214905,-0.36350905895233154,0.09310813248157501,0,-0.03852786868810654,-0.3390108048915863,-0.9399932622909546,0,0.3732607662677765,0.8677169680595398,-0.3282431662082672,0,0.0045617809519171715,-0.007816692814230919,-0.0023219920694828033,1],[7,1,9.094947017729282e-13,1.4642374165766324e-22,0,-6.174894319129374e-29,1.6099467592400885e-10,-1,0,-9.094947017729282e-13,1,1.6099467592400885e-10,0,4.291533883815646e-8,-0.004648398142307997,0.0006147440290078521,1]],8,8,8,8,8]]],0,0,[],[],[]],[[[17,".bin",1998429730,[{"primitives":[{"primitiveMode":7,"jointMapIndex":0,"vertexBundelIndices":[0],"indexView":{"offset":37008,"length":12012,"count":3003,"stride":4}}],"vertexBundles":[{"view":{"offset":0,"length":37008,"count":514,"stride":72},"attributes":[{"name":"a_position","format":32,"isNormalized":false},{"name":"a_normal","format":32,"isNormalized":false},{"name":"a_texCoord","format":21,"isNormalized":false},{"name":"a_tangent","format":44,"isNormalized":false},{"name":"a_joints","format":42,"isNormalized":false},{"name":"a_weights","format":44,"isNormalized":false}]}],"jointMaps":[[0,1,2,3,4,5,6,7,8]]},"minPosition",8,[1,-0.014482417143881321,-0.013305162079632282,-0.0003898310533259064],"maxPosition",8,[1,0.014482350088655949,0.014475268311798573,0.029932551085948944]]],-1],0,0,[],[],[]],[[[31,"Skin-0",3445101276,["ArmatureSlimeBunny/Pivot","ArmatureSlimeBunny/Pivot/face","ArmatureSlimeBunny/Pivot/eye.l","ArmatureSlimeBunny/Pivot/eye.r","ArmatureSlimeBunny/Pivot/head","ArmatureSlimeBunny/Pivot/head/bunnyEar1.l","ArmatureSlimeBunny/Pivot/head/bunnyEar1.l/bunnyEar2.l","ArmatureSlimeBunny/Pivot/head/bunnyEar1.r","ArmatureSlimeBunny/Pivot/head/bunnyEar1.r/bunnyEar2.r"],[[[7,1,-0.000012688366041402332,0.000012688366041402332,0,0.000012688366041402332,5.476993784540621e-17,-1,0,0.000012688366041402332,1,1.6099468980179665e-10,0,-8.274969331978355e-8,-0.006521698087453842,-1.0499582973888533e-12,1],[7,1,-2.7284841053187847e-12,-4.392711744858918e-22,0,1.3879868960407707e-28,1.6099463429064542e-10,-1,0,2.7284841053187847e-12,1,1.6099463429064542e-10,0,4.291532462730174e-8,-0.0034922449849545956,-0.012304055504500866,1],[7,0.9666343927383423,-0.256160169839859,-2.2101831120835413e-7,0,-1.5075766413019664e-8,8.059237188717816e-7,-1,0,0.256160169839859,0.9666343927383423,7.751717703285976e-7,0,-0.007525780703872442,-0.0028335866518318653,-0.011895600706338882,1],[7,0.9666343927383423,0.2561599016189575,6.795592355501867e-8,0,1.5077603165991604e-8,2.0839092940150294e-7,-1,0,-0.2561599016189575,0.9666345119476318,1.9757555946853245e-7,0,0.007525780238211155,-0.002833595033735037,-0.011895597912371159,1],[7,1,9.094947017729282e-13,1.4642374165766324e-22,0,-6.174894319129374e-29,1.6099467592400885e-10,-1,0,-9.094947017729282e-13,1,1.6099467592400885e-10,0,4.291536725986589e-8,-0.015976136550307274,0.0007827542722225189,1],[7,0.9887344241142273,0.13262587785720825,-0.0693885013461113,0,-0.12673942744731903,0.4951670467853546,-0.8595037460327148,0,-0.07963353395462036,0.8586150407791138,0.5063976049423218,0,-0.002811271930113435,-0.015232037752866745,-0.011447791010141373,1],[7,0.9852291941642761,-0.15594688057899475,0.07073482125997543,0,0.16167643666267395,0.7110307812690735,-0.6843212842941284,0,0.0564231351017952,0.685649573802948,0.725741446018219,0,-0.006362960208207369,-0.016643889248371124,-0.017667321488261223,1],[7,0.9887344241142273,-0.13262587785720825,0.0693885013461113,0,0.12673942744731903,0.4951670467853546,-0.8595037460327148,0,0.07963353395462036,0.8586150407791138,0.5063976049423218,0,0.002811271930113435,-0.015232037752866745,-0.011447791010141373,1],[7,0.9852291941642761,0.15594688057899475,-0.07073482125997543,0,-0.16167643666267395,0.7110307812690735,-0.6843212842941284,0,-0.0564231351017952,0.685649573802948,0.725741446018219,0,0.006362960208207369,-0.016643889248371124,-0.017667321488261223,1]],8,8,8,8,8,8,8,8,8]]],0,0,[],[],[]],[[[18],[21,"SM_SlimeBunny2",[-3,-4],[[28,-2,[3,"77r95PbP1epYoS1pYMxU8v"]]],[0,"23bWNb7xlRBrmwfZvhON5q",-1,0]],[43,"Pivot",[-5,-6,-7,-8],[0,"deWQ0VoOxbMK+tLxNyxX7b",1,0],[1,-3.442731966174506e-8,-0.00016958113701548427,0.008516307920217514],[3,0.652643618995905,-6.66274272849954e-7,0.000008947255055568983,0.7576650358195438],[1,81.4824344709257,-0.0007269896649909561,0.0007269897828628671]],[8,"head",2,[-9,-10],[0,"61TuWFpJ9bgakX/4D0YzHM",1,0],[1,1.3123202791121003e-7,0.013998100534081459,0.00043660058872774243],[3,0.02448111176484036,-0.0000064975942143676816,-0.000006186969946125289,0.9997002926308765],[1,2.8056090521270316,-0.0007269898133197381,-0.0007269899348475763]],[65,"SlimeBunny",1,[[29,[null],-11,[3,"bdALzzzzRYOo0rDSjTEMWG"],[30],1,0,1]],[0,"783nvD4txdkJTP3Rzc1pU3",1,0],[3,-0.7071068407911908,0,0,0.7071067215818992],[1,100,100,100],[1,-90.00000965934633,0,0]],[22,"ArmatureSlimeBunny",1,[2],[0,"42ZHC7hgZeOKNGJnm/rjNE",1,0],[3,-0.7071068407911908,0,0,0.7071067215818992],[1,100,100,100],[1,-90.00000965934633,0,0]],[6,"face",2,[[4,"face_end",-12,[0,"f10t/ytkBadKgWs936+i1z",1,0],[1,8.470329283216386e-24,0.0028729704208672047,0]]],[0,"91ZP+ixL1eH5fhVc71KMyR",1,0],[1,-2.241840775241144e-7,-0.0017976862145587802,0.012488530948758125],[3,-1.1922652101223641e-11,-0.000006344183020445821,-0.000006344181201456418,0.9999999999597513],[1,-5.978390461540754e-9,-0.0007269898231176436,-0.0007269896146009562]],[6,"eye.l",2,[[4,"eye.l_end",-13,[0,"3fUOP8SuhT8rmRhS6f3jUf",1,0],[1,0,0.0023512556217610836,0]]],[0,"04VzYy5U5VtKchG6LB0zlS",1,0],[1,0.006548650097101927,-0.0018549247179180384,0.011895681731402874],[3,-0.0000012149799570807608,-0.0000063514924647566595,0.1291556771847916,0.9916243295770432],[1,-0.000045577875144805006,-0.0007280385936560217,14.84160973335333]],[6,"eye.r",2,[[4,"eye.r_end",-14,[0,"6f1O33ZUpZGr4d4bzL8Bc9",1,0],[1,1.1102229998097382e-18,0.0023512556217610836,0]]],[0,"34F9PGSwBV7IxmtxqvOqu0",1,0],[1,-0.006548998411744833,-0.0018547590589150786,0.011895513162016869],[3,7.190644284952997e-7,-0.00000627114069284464,-0.12916816979345852,0.9916227023784621],[1,-0.000011498043849128312,-0.0007261884670539382,-14.843053373120183]],[8,"bunnyEar1.l",3,[-15],[0,"13hyDDJFhRVqC2xXecTrFK",1,0],[1,0.00400546146556735,0.0026755845174193382,0.0034360704012215137],[3,-0.1572915886294204,-0.028766138014948206,-0.12082277788469525,0.9797110399471692],[1,-18.884003535029013,-5.561815907854088,-13.161314949633123]],[6,"bunnyEar2.l",9,[[4,"bunnyEar2.l_end",-16,[0,"9caDTI99da45MTMcKpP80K",1,0],[1,0,0.005733098369091749,0]]],[0,"f9vUTneKpXqai5zhkOz4eY",1,0],[1,9.220093577511079e-10,0.006919385865330696,-2.60770322002557e-10],[3,0.012262295959773592,0.11038318301786831,0.04842581611085817,0.9926329277928655],[1,0.7861409179479819,12.651769818041242,5.672677099816511]],[8,"bunnyEar1.r",3,[-17],[0,"00L7wZ2IVZr7t0yH+LpvEC",1,0],[1,-0.0040053753182291985,0.002675584051758051,0.0034360704012215137],[3,-0.15729157382216383,0.02876613616947671,0.12082279285798844,0.9797110405320649],[1,-18.884001913483008,5.561815804419181,13.161316768584063]],[6,"bunnyEar2.r",11,[[4,"bunnyEar2.r_end",-18,[0,"b37MDfsOpc5pqzKql0kdTN",1,0],[1,1.2490009523341379e-18,0.005733098369091749,2.2204459996194763e-18]]],[0,"88/qidjXhRu48sEUlB2Rhx",1,0],[1,-1.5832483934996588e-10,0.006919382605701685,-9.96515203688375e-10],[3,0.012262301546868828,-0.11038318301030475,-0.04842581610753999,0.9926329277248493],[1,0.786141556737026,-12.651769785908511,-5.6726771700661]]],0,[0,4,1,0,2,1,0,-1,4,0,-2,5,0,-1,6,0,-2,7,0,-3,8,0,-4,3,0,-1,9,0,-2,11,0,2,4,0,0,6,0,0,7,0,0,8,0,-1,10,0,0,10,0,-1,12,0,0,12,0,5,1,2,0,5,18],[0,0],[6,10],[27,28]],[[[17,".bin",855796551,[{"primitives":[{"primitiveMode":7,"jointMapIndex":0,"vertexBundelIndices":[0],"indexView":{"offset":37008,"length":12012,"count":3003,"stride":4}}],"vertexBundles":[{"view":{"offset":0,"length":37008,"count":514,"stride":72},"attributes":[{"name":"a_position","format":32,"isNormalized":false},{"name":"a_normal","format":32,"isNormalized":false},{"name":"a_texCoord","format":21,"isNormalized":false},{"name":"a_tangent","format":44,"isNormalized":false},{"name":"a_joints","format":42,"isNormalized":false},{"name":"a_weights","format":44,"isNormalized":false}]}],"jointMaps":[[0,1,2,3,4,5,6,7,8]]},"minPosition",8,[1,-0.014482417143881321,-0.013305162079632282,-0.0003898310533259064],"maxPosition",8,[1,0.014482350088655949,0.014475268311798573,0.029932551085948944]]],-1],0,0,[],[],[]],[[[31,"Skin-0",3445101276,["ArmatureSlimeBunny/Pivot","ArmatureSlimeBunny/Pivot/face","ArmatureSlimeBunny/Pivot/eye.l","ArmatureSlimeBunny/Pivot/eye.r","ArmatureSlimeBunny/Pivot/head","ArmatureSlimeBunny/Pivot/head/bunnyEar1.l","ArmatureSlimeBunny/Pivot/head/bunnyEar1.l/bunnyEar2.l","ArmatureSlimeBunny/Pivot/head/bunnyEar1.r","ArmatureSlimeBunny/Pivot/head/bunnyEar1.r/bunnyEar2.r"],[[[7,1,-0.000012688366041402332,0.000012688366041402332,0,0.000012688366041402332,5.476993784540621e-17,-1,0,0.000012688366041402332,1,1.6099468980179665e-10,0,-8.274969331978355e-8,-0.006521698087453842,-1.0499582973888533e-12,1],[7,1,-2.7284841053187847e-12,-4.392711744858918e-22,0,1.3879868960407707e-28,1.6099463429064542e-10,-1,0,2.7284841053187847e-12,1,1.6099463429064542e-10,0,4.291532462730174e-8,-0.0034922449849545956,-0.012304055504500866,1],[7,0.9666343927383423,-0.256160169839859,-2.2101831120835413e-7,0,-1.5075766413019664e-8,8.059237188717816e-7,-1,0,0.256160169839859,0.9666343927383423,7.751717703285976e-7,0,-0.007525780703872442,-0.0028335866518318653,-0.011895600706338882,1],[7,0.9666343927383423,0.2561599016189575,6.795592355501867e-8,0,1.5077603165991604e-8,2.0839092940150294e-7,-1,0,-0.2561599016189575,0.9666345119476318,1.9757555946853245e-7,0,0.007525780238211155,-0.002833595033735037,-0.011895597912371159,1],[7,1,9.094947017729282e-13,1.4642374165766324e-22,0,-6.174894319129374e-29,1.6099467592400885e-10,-1,0,-9.094947017729282e-13,1,1.6099467592400885e-10,0,4.291536725986589e-8,-0.015976136550307274,0.0007827542722225189,1],[7,0.9887344241142273,0.13262587785720825,-0.0693885013461113,0,-0.12673942744731903,0.4951670467853546,-0.8595037460327148,0,-0.07963353395462036,0.8586150407791138,0.5063976049423218,0,-0.002811271930113435,-0.015232037752866745,-0.011447791010141373,1],[7,0.9852291941642761,-0.15594688057899475,0.07073482125997543,0,0.16167643666267395,0.7110307812690735,-0.6843212842941284,0,0.0564231351017952,0.685649573802948,0.725741446018219,0,-0.006362960208207369,-0.016643889248371124,-0.017667321488261223,1],[7,0.9887344241142273,-0.13262587785720825,0.0693885013461113,0,0.12673942744731903,0.4951670467853546,-0.8595037460327148,0,0.07963353395462036,0.8586150407791138,0.5063976049423218,0,0.002811271930113435,-0.015232037752866745,-0.011447791010141373,1],[7,0.9852291941642761,0.15594688057899475,-0.07073482125997543,0,-0.16167643666267395,0.7110307812690735,-0.6843212842941284,0,-0.0564231351017952,0.685649573802948,0.725741446018219,0,0.006362960208207369,-0.016643889248371124,-0.017667321488261223,1]],8,8,8,8,8,8,8,8,8]]],0,0,[],[],[]],[[[18],[21,"SM_SlimeBunny4",[-3,-4],[[28,-2,[3,"88cyJefA9URIYU69O4uZcv"]]],[0,"4e/uKj6SNXi6LYCDtG5eam",-1,0]],[43,"Pivot",[-5,-6,-7,-8],[0,"89pl+lm4ZfkbxeiDA7At0F",1,0],[1,-3.442731966174506e-8,-0.00016958113701548427,0.008516307920217514],[3,0.652643618995905,-6.66274272849954e-7,0.000008947255055568983,0.7576650358195438],[1,81.4824344709257,-0.0007269896649909561,0.0007269897828628671]],[8,"head",2,[-9,-10],[0,"9fgC91Gd1SQZe4vb5d3P4W",1,0],[1,1.3123202791121003e-7,0.013998100534081459,0.00043660058872774243],[3,0.02448111176484036,-0.0000064975942143676816,-0.000006186969946125289,0.9997002926308765],[1,2.8056090521270316,-0.0007269898133197381,-0.0007269899348475763]],[65,"SlimeBunny",1,[[29,[null],-11,[3,"a7Ix25Sx5Qqpt3zVzTNUUm"],[30],1,0,1]],[0,"7cpg4oUTtS87J/RanOJ/AK",1,0],[3,-0.7071068407911908,0,0,0.7071067215818992],[1,100,100,100],[1,-90.00000965934633,0,0]],[22,"ArmatureSlimeBunny",1,[2],[0,"0dbpmsxGRXh7+KLPgojaWS",1,0],[3,-0.7071068407911908,0,0,0.7071067215818992],[1,100,100,100],[1,-90.00000965934633,0,0]],[6,"face",2,[[4,"face_end",-12,[0,"c6m1RvEDNbhKjmAAA2Ea31",1,0],[1,8.470329283216386e-24,0.0028729704208672047,0]]],[0,"bdr8J4r0NRG6dttQuZdECu",1,0],[1,-2.241840775241144e-7,-0.0017976862145587802,0.012488530948758125],[3,-1.1922652101223641e-11,-0.000006344183020445821,-0.000006344181201456418,0.9999999999597513],[1,-5.978390461540754e-9,-0.0007269898231176436,-0.0007269896146009562]],[6,"eye.l",2,[[4,"eye.l_end",-13,[0,"7fyNQ5pqVdsZP5xb8I6IqO",1,0],[1,0,0.0023512556217610836,0]]],[0,"55/swONKBaf6bYyp52uHu1",1,0],[1,0.006548650097101927,-0.0018549247179180384,0.011895681731402874],[3,-0.0000012149799570807608,-0.0000063514924647566595,0.1291556771847916,0.9916243295770432],[1,-0.000045577875144805006,-0.0007280385936560217,14.84160973335333]],[6,"eye.r",2,[[4,"eye.r_end",-14,[0,"c6PezKpsxSW7B3r9sRhmIX",1,0],[1,1.1102229998097382e-18,0.0023512556217610836,0]]],[0,"49v61Z8gNQCL0huRFPtp4x",1,0],[1,-0.006548998411744833,-0.0018547590589150786,0.011895513162016869],[3,7.190644284952997e-7,-0.00000627114069284464,-0.12916816979345852,0.9916227023784621],[1,-0.000011498043849128312,-0.0007261884670539382,-14.843053373120183]],[8,"bunnyEar1.l",3,[-15],[0,"85Su4DJaJftrrq3mpgfCpL",1,0],[1,0.00400546146556735,0.0026755845174193382,0.0034360704012215137],[3,-0.1572915886294204,-0.028766138014948206,-0.12082277788469525,0.9797110399471692],[1,-18.884003535029013,-5.561815907854088,-13.161314949633123]],[6,"bunnyEar2.l",9,[[4,"bunnyEar2.l_end",-16,[0,"63Xm0ctqBazZyFsXhg3z13",1,0],[1,0,0.005733098369091749,0]]],[0,"93yzhXY9RZU5WEAEU1dy3u",1,0],[1,9.220093577511079e-10,0.006919385865330696,-2.60770322002557e-10],[3,0.012262295959773592,0.11038318301786831,0.04842581611085817,0.9926329277928655],[1,0.7861409179479819,12.651769818041242,5.672677099816511]],[8,"bunnyEar1.r",3,[-17],[0,"1ay6kMcnZRbabJfhQVpQNM",1,0],[1,-0.0040053753182291985,0.002675584051758051,0.0034360704012215137],[3,-0.15729157382216383,0.02876613616947671,0.12082279285798844,0.9797110405320649],[1,-18.884001913483008,5.561815804419181,13.161316768584063]],[6,"bunnyEar2.r",11,[[4,"bunnyEar2.r_end",-18,[0,"earY5ppkpS776sIiNbCufW",1,0],[1,1.2490009523341379e-18,0.005733098369091749,2.2204459996194763e-18]]],[0,"a5MJg5wMxeAoTx87Mo6RnN",1,0],[1,-1.5832483934996588e-10,0.006919382605701685,-9.96515203688375e-10],[3,0.012262301546868828,-0.11038318301030475,-0.04842581610753999,0.9926329277248493],[1,0.786141556737026,-12.651769785908511,-5.6726771700661]]],0,[0,4,1,0,2,1,0,-1,4,0,-2,5,0,-1,6,0,-2,7,0,-3,8,0,-4,3,0,-1,9,0,-2,11,0,2,4,0,0,6,0,0,7,0,0,8,0,-1,10,0,0,10,0,-1,12,0,0,12,0,5,1,2,0,5,18],[0,0],[6,10],[29,30]],[[[105,"builtin-particle-trail",[{"hash":1437790364,"name":"builtin-particle-trail|particle-trail:vs_main|tinted-fs:add","blocks":[{"name":"Constants","stageFlags":1,"binding":0,"members":[{"name":"mainTiling_Offset","type":16,"count":1},{"name":"frameTile_velLenScale","type":16,"count":1},{"name":"scale","type":16,"count":1},{"name":"nodeRotation","type":16,"count":1}],"defines":[]},{"name":"FragConstants","stageFlags":16,"binding":1,"members":[{"name":"tintColor","type":16,"count":1}],"defines":[]}],"samplerTextures":[{"name":"mainTexture","type":28,"count":1,"stageFlags":16,"binding":2,"defines":[]}],"samplers":[],"textures":[],"buffers":[],"images":[],"subpassInputs":[],"attributes":[{"name":"a_position","format":32,"location":0,"defines":[]},{"name":"a_texCoord","format":44,"location":1,"defines":[]},{"name":"a_texCoord1","format":32,"lo