{"model":{"version":3,"nodes":[{"name":"RootNode","position":[0,0,0],"rotation":[0,0,0],"scale":[0.01,0.01,0.01],"scaleCompensation":false},{"name":"Model","position":[0,0,0],"rotation":[0,0,0],"scale":[1,1,1],"scaleCompensation":false},{"name":"Armature","position":[0,0,0],"rotation":[-90,-0,0],"scale":[1,1,1],"scaleCompensation":false},{"name":"Root","position":[0,0,0],"rotation":[0,-0,-90],"scale":[1,1,1],"scaleCompensation":false},{"name":"ROLL","position":[-0.131428,-1.00972e-08,0.556423],"rotation":[0,-0,180],"scale":[1,1,1],"scaleCompensation":false},{"name":"IK_Leg_L","position":[-0.11608,-0.136922,-0.523582],"rotation":[-4.43883e-08,0.584621,-2.25551e-10],"scale":[1,1,1],"scaleCompensation":false},{"name":"def_Foot_L","position":[4.42181e-10,1.13981e-09,-2.06492e-08],"rotation":[4.84858e-05,16.8662,180],"scale":[1,1,0.999997],"scaleCompensation":false},{"name":"IK_Arm_L","position":[-0.11608,-0.553706,-0.091937],"rotation":[0,-0,0],"scale":[1,1,1],"scaleCompensation":false},{"name":"def_Hand_L","position":[0.222015,0.473081,-0.141558],"rotation":[-18.9612,16.1877,53.6625],"scale":[1,1,1],"scaleCompensation":false},{"name":"def_Pelvis","position":[-0.104057,-0.00323735,-0.22464],"rotation":[180,90,0],"scale":[1,1,1],"scaleCompensation":false},{"name":"def_Upper_Leg_L","position":[0.106906,0.136922,0.0120228],"rotation":[0.315022,-1.90886,-0.976299],"scale":[1,1,1],"scaleCompensation":false},{"name":"def_lower_Leg_L","position":[0.103933,1.04774e-08,-1.16415e-09],"rotation":[0.000146608,4.15698,1.24868e-05],"scale":[1,1,1],"scaleCompensation":false},{"name":"def_Upper_Leg_R","position":[0.106906,-0.136922,0.0120223],"rotation":[0.315021,-1.90886,-0.976292],"scale":[1,1,1],"scaleCompensation":false},{"name":"def_lower_Leg_R","position":[0.103933,-3.42698e-09,-1.80444e-09],"rotation":[-0.00013348,4.15699,-3.76768e-06],"scale":[1,1,1],"scaleCompensation":false},{"name":"MCH_spine_roll","position":[-2.44416e-10,7.2546e-11,3.024e-10],"rotation":[1.72784e-05,1.304e-12,-0],"scale":[1,1,1],"scaleCompensation":false},{"name":"def_Spine","position":[0.0133244,3.10276e-09,-0.0012494],"rotation":[-8.33055e-05,-5.35681,-180],"scale":[1,1,1.00001],"scaleCompensation":false},{"name":"def_Upper_Arm_L","position":[0.198489,-0.239037,-0.00652434],"rotation":[22.1024,140.314,32.7285],"scale":[1.11582,1,1],"scaleCompensation":false},{"name":"def_Lower_Arm_L","position":[0.178834,0.061138,-0.00196597],"rotation":[3.09323,0.930224,89.939],"scale":[1.32723,1,1],"scaleCompensation":false},{"name":"def_Shoulder_Roll_L","position":[0.0554491,-1.56425e-05,0.000172628],"rotation":[-2.49063e-05,-0.17837,-0.0161014],"scale":[1,1,1],"scaleCompensation":false},{"name":"def_Head","position":[0.248485,1.88463e-08,0.00119267],"rotation":[-4.28726e-06,8.06635,-5.98993e-07],"scale":[0.996865,1.00586,1.00586],"scaleCompensation":false},{"name":"def_Ear_L","position":[0.5735,-0.337442,-0.191946],"rotation":[-61.3926,25.9778,-40.0781],"scale":[1,1,1],"scaleCompensation":false},{"name":"def_Hair_L","position":[0.416362,-0.426089,-0.0592348],"rotation":[-76.0051,36.4914,-68.7474],"scale":[1,1,1],"scaleCompensation":false},{"name":"def_Eye_Brow_L","position":[0.497514,-0.0510451,0.47089],"rotation":[-90.2347,27.3467,-90.9316],"scale":[1,1,1],"scaleCompensation":false},{"name":"def_Ear_R","position":[0.5735,0.337442,-0.191946],"rotation":[61.3926,25.9778,40.0781],"scale":[1,1,1],"scaleCompensation":false},{"name":"def_Hair_R","position":[0.416362,0.426089,-0.0592348],"rotation":[76.0051,36.4915,68.7474],"scale":[1,1,1],"scaleCompensation":false},{"name":"def_jaw","position":[0.0322135,2.17275e-09,0.0951104],"rotation":[-6.20149e-06,-74.9701,180],"scale":[1,1,1],"scaleCompensation":false},{"name":"def_Eye_Brow_R","position":[0.497514,0.0510452,0.47089],"rotation":[90.2347,27.3467,90.9316],"scale":[1,1,1],"scaleCompensation":false},{"name":"def_Glasses","position":[0.194777,1.44461e-08,0.379358],"rotation":[-3.3385e-11,-0,-2.22e-13],"scale":[1,1,1],"scaleCompensation":false},{"name":"def_Pupil_L","position":[0.0552613,-0.166913,-0.0299472],"rotation":[-90.0006,-75.0524,-89.9994],"scale":[1,1,1],"scaleCompensation":false},{"name":"def_Upper_Lid_L","position":[0.210589,-0.196563,-0.0378627],"rotation":[-19.5,-0.000121938,180],"scale":[0.00555211,0.468965,0.61342],"scaleCompensation":false},{"name":"def_Lower_Lid_L","position":[-0.0942514,-0.196563,-0.0378628],"rotation":[19.5,-2.19861e-05,-2.75201e-05],"scale":[0.103149,0.448588,0.483251],"scaleCompensation":false},{"name":"def_Pupil_R","position":[0.0552613,0.166913,-0.0299472],"rotation":[90.0006,-75.0523,89.9994],"scale":[1,1,1],"scaleCompensation":false},{"name":"def_Upper_Lid_R","position":[0.210589,0.196563,-0.0378627],"rotation":[19.5,0.000121638,180],"scale":[0.00555211,0.468965,0.61342],"scaleCompensation":false},{"name":"def_Lower_Lid_R","position":[-0.0942514,0.196563,-0.0378628],"rotation":[-19.5,-3.41431e-05,7.05081e-07],"scale":[0.103149,0.448588,0.483251],"scaleCompensation":false},{"name":"def_Upper_Arm_R","position":[0.198489,0.239037,-0.00652437],"rotation":[-22.1024,140.314,-32.7284],"scale":[1.11582,1,1],"scaleCompensation":false},{"name":"def_Lower_Arm_R","position":[0.178834,-0.061138,-0.00196601],"rotation":[-3.09323,0.93023,-89.939],"scale":[1.32723,1,1],"scaleCompensation":false},{"name":"def_Shoulder_Roll_R","position":[0.055449,1.56481e-05,0.0001726],"rotation":[2.83348e-05,-0.178372,0.0161005],"scale":[1,1,1],"scaleCompensation":false},{"name":"Hem","position":[-2.44415e-10,2.00298e-10,-4.39916e-09],"rotation":[-6.75e-12,-0,5.30595e-07],"scale":[1.1,0.965073,0.995291],"scaleCompensation":false},{"name":"def_Tail","position":[0.142774,2.09915e-07,-0.131653],"rotation":[9.1626,49.7945,7.0223],"scale":[1,1,1],"scaleCompensation":false},{"name":"def_Tail_001","position":[0.205024,1.57404e-08,-1.62981e-09],"rotation":[-165.007,75.2297,19.0603],"scale":[1,1,1],"scaleCompensation":false},{"name":"def_Tail_002","position":[0.208449,2.70688e-09,6.47269e-08],"rotation":[-4.81237,-43.8309,-1.44779],"scale":[1,1,1],"scaleCompensation":false},{"name":"def_Tail_003","position":[0.313794,9.52878e-09,-7.45058e-09],"rotation":[-20.9176,73.5176,-21.1783],"scale":[1,1,1],"scaleCompensation":false},{"name":"IK_Leg_R","position":[-0.11608,0.136922,-0.523582],"rotation":[-4.43883e-08,0.584621,-2.25551e-10],"scale":[1,1,1],"scaleCompensation":false},{"name":"def_Foot_R","position":[1.12942e-09,1.6041e-08,-2.80997e-08],"rotation":[-5.07793e-05,16.8662,180],"scale":[1,1,0.999997],"scaleCompensation":false},{"name":"IK_Arm_R","position":[-0.11608,0.553706,-0.091937],"rotation":[0,-0,0],"scale":[1,1,1],"scaleCompensation":false},{"name":"def_Hand_R","position":[0.222015,-0.479556,-0.141558],"rotation":[18.9612,16.1877,-53.6624],"scale":[1,1,1],"scaleCompensation":false},{"name":"Pole_Target_Arm_L","position":[0.193359,-0.39859,-0.0695128],"rotation":[9.94e-13,-1.30965e-05,0],"scale":[1,1,1],"scaleCompensation":false},{"name":"SHAPE_Smile","position":[0.307448,-3.66628e-09,-1.54037e-08],"rotation":[180,-90,0],"scale":[1,1,1],"scaleCompensation":false}],"parents":[-1,0,0,2,3,4,5,4,7,4,9,10,9,12,9,14,15,16,16,15,19,19,19,19,19,19,19,19,27,27,27,27,27,27,15,34,34,14,37,38,39,40,4,42,4,44,4,3],"skins":[{"inverseBindMatrices":[[-7.5498e-08,1,-8.69132e-07,0,-0.280358,8.13107e-07,0.959898,0,0.959896,3.16137e-07,0.280359,0,0.0239403,-0.136922,-0.0272213,1],[0.996787,-0.0800999,1.20968e-08,0,-0.0800999,-0.996787,2.38249e-07,0,-7.02578e-09,-2.38453e-07,-1,0,-0.514722,0.507346,-0.0153485,1],[-1.52018e-07,1,1.99477e-06,0,-0.999325,-2.25209e-07,0.0367428,0,0.0367428,-1.98784e-06,0.999325,0,0.225289,-0.136922,0.00707517,1],[-7.54979e-08,1,-5.6426e-07,0,-0.999063,-9.98421e-08,-0.0432689,0,-0.0432689,5.60465e-07,0.999064,0,0.120403,-0.136922,0.0167551,1],[-1.52018e-07,1,-1.99477e-06,0,-0.999325,-7.86217e-08,0.0367428,0,0.0367428,1.99901e-06,0.999325,0,0.225289,0.136922,0.00707517,1],[-7.54979e-08,1,3.25842e-07,0,-0.999063,-6.13284e-08,-0.0432689,0,-0.0432689,-3.28803e-07,0.999064,0,0.120403,0.136922,0.0167551,1],[7.54979e-08,-1,6.35583e-08,0,0.995633,6.92345e-08,-0.0933569,0,0.0933577,7.03296e-08,0.995623,0,-0.327779,-2.10458e-08,0.0582254,1],[0.990111,-0.137999,-0.0252213,0,-0.13773,-0.990396,0.0121006,0,-0.0266491,-0.00850733,-0.999599,0,-0.166962,0.537072,-0.0154739,1],[0.98934,-0.143285,0.0259849,0,-0.143023,-0.98965,-0.0116835,0,0.0273903,0.00784259,-0.999585,0,-0.324164,0.539137,-0.0243032,1],[0.990066,-0.137721,-0.0283037,0,-0.137413,-0.990434,0.0125281,0,-0.0297585,-0.0085144,-0.999512,0,-0.22261,0.537025,-0.0149534,1],[7.54979e-08,-1,-2.89047e-11,0,1,7.54979e-08,2.18225e-18,0,0,-2.8905e-11,0.999991,0,-0.591848,-4.46833e-08,0.00298542,1],[0.579205,-0.614056,-0.536144,0,0.686862,0.0134177,0.726662,0,-0.439019,-0.789141,0.429546,0,-1.07787,0.0374704,-0.569219,1],[0.763813,-0.625378,-0.159635,0,0.217646,0.0167198,0.975884,0,-0.607629,-0.780135,0.148883,0,-0.57485,0.200842,-0.897591,1],[0.875233,-0.483695,-2.4098e-06,0,-2.69399e-07,-5.46946e-06,1,0,-0.483697,-0.875228,-4.9174e-06,0,0.167957,0.392263,-1.10669,1],[-0.579204,-0.614056,0.536144,0,0.686862,-0.0134175,0.726662,0,-0.439019,0.789141,0.429546,0,-1.07787,-0.0374706,-0.569219,1],[-0.763812,-0.625378,0.159635,0,0.217646,-0.0167198,0.975884,0,-0.607629,0.780135,0.148883,0,-0.57485,-0.200842,-0.897591,1],[-7.54966e-08,1,3.89328e-07,0,-0.348051,-3.91262e-07,0.937474,0,0.937467,-6.47302e-08,0.348054,0,0.148454,2.40421e-07,-0.588739,1],[-0.875233,-0.483695,2.40981e-06,0,-2.69392e-07,5.46947e-06,1,0,-0.483698,0.875228,-4.9174e-06,0,0.167957,-0.392263,-1.10669,1],[7.54979e-08,-1,-2.94877e-11,0,1,7.54979e-08,2.22626e-18,0,0,-2.9488e-11,0.999991,0,-0.786623,-5.93773e-08,-0.376372,1],[0.257932,0.966162,9.86412e-06,0,6.51308e-08,-1.0227e-05,1,0,0.966154,-0.257934,-2.70081e-06,0,-0.377755,-0.102589,-0.841886,1],[-7.11674e-08,0.94264,0.333806,0,-1,-7.54979e-08,4.82205e-14,0,2.5202e-08,-0.333809,0.942633,0,0.997213,-0.0722895,-0.384707,1],[3.17478e-07,-0.94264,0.333806,0,1,1.43237e-07,-5.46586e-07,0,4.67424e-07,0.333809,0.942633,0,-0.692372,0.0722895,-0.384707,1],[-0.257932,0.966162,-9.86411e-06,0,6.5133e-08,1.0227e-05,1,0,0.966154,0.257934,-2.70081e-06,0,-0.377755,0.102589,-0.841886,1],[-7.11674e-08,0.94264,-0.333806,0,-1,-7.54979e-08,-4.82205e-14,0,-2.5202e-08,0.333809,0.942633,0,0.997213,0.0722896,-0.384707,1],[-1.75143e-07,-0.94264,-0.333806,0,1,7.7585e-09,-5.46586e-07,0,5.17828e-07,-0.333809,0.942633,0,-0.692372,-0.0722896,-0.384707,1],[-0.990111,-0.137999,0.0252213,0,-0.13773,0.990395,0.0121007,0,-0.0266491,0.00850742,-0.999599,0,-0.166962,-0.537072,-0.015474,1],[-0.98934,-0.143285,-0.0259849,0,-0.143023,0.98965,-0.0116835,0,0.0273903,-0.00784259,-0.999585,0,-0.324164,-0.539137,-0.0243032,1],[-0.990066,-0.137721,0.0283037,0,-0.137414,0.990434,0.0125281,0,-0.0297585,0.0085144,-0.999512,0,-0.22261,-0.537025,-0.0149534,1],[-7.54979e-08,1,1.51793e-06,0,-1,-7.54979e-08,3.99166e-16,0,1.15e-13,-1.51793e-06,1,0,0.331783,-1.64984e-08,0.027371,1],[-7.54979e-08,1,2.23319e-06,0,-0.578295,1.77824e-06,-0.815828,0,-0.815828,-1.35304e-06,0.578295,0,-0.0554531,-5.07692e-07,0.225465,1],[7.54977e-08,-1,6.35726e-08,0,-0.0460087,6.00317e-08,0.998941,0,-0.998941,-7.83427e-08,-0.0460088,0,-0.340994,-2.88624e-08,-0.0490484,1],[7.54979e-08,-1,-3.78453e-12,0,0.0148538,1.11765e-09,0.99989,0,-0.999889,-7.54896e-08,0.0148538,0,-0.551409,-4.16302e-08,-0.0155284,1],[7.54979e-08,-1,-2.68236e-13,0,-0.0724448,-5.4697e-09,0.997372,0,-0.997372,-7.52995e-08,-0.0724448,0,-0.860548,-6.49696e-08,-0.0909595,1],[-7.5498e-08,1,8.63382e-07,0,-0.280358,-8.49921e-07,0.959898,0,0.959896,-1.69585e-07,0.280359,0,0.0239402,0.136922,-0.0272213,1],[-0.996787,-0.0801,-1.12445e-08,0,-0.0801,0.996787,2.38249e-07,0,-7.87538e-09,2.38384e-07,-1,0,-0.514722,-0.507346,-0.0153485,1],[2.40857e-07,-1,1.69366e-14,0,1.50463e-36,1.69366e-14,1,0,-1,-2.40857e-07,4.07931e-21,0,-0.324787,0.39859,-0.486911,1],[7.54979e-08,-1,-8.74228e-08,0,1,7.54979e-08,-3.99764e-16,0,7e-15,-8.74228e-08,1,0,1.54037e-08,1.16295e-15,-6.15783e-24,1]],"boneNames":["def_Foot_L","def_Hand_L","def_Upper_Leg_L","def_lower_Leg_L","def_Upper_Leg_R","def_lower_Leg_R","def_Spine","def_Upper_Arm_L","def_Lower_Arm_L","def_Shoulder_Roll_L","def_Head","def_Ear_L","def_Hair_L","def_Eye_Brow_L","def_Ear_R","def_Hair_R","def_jaw","def_Eye_Brow_R","def_Glasses","def_Pupil_L","def_Upper_Lid_L","def_Lower_Lid_L","def_Pupil_R","def_Upper_Lid_R","def_Lower_Lid_R","def_Upper_Arm_R","def_Lower_Arm_R","def_Shoulder_Roll_R","Hem","def_Tail","def_Tail_001","def_Tail_002","def_Tail_003","def_Foot_R","def_Hand_R","Pole_Target_Arm_L","SHAPE_Smile"]}],"morphs":[{"targets":[{"name":"Smile","deltaPositions":[0.036513,-0.000802994,0.053285,0,0,0,0,0,0,0,0,0,0,0,0,0,0,0,0,0,0,0,0,0,0,0,0,0,0,0,0,0,0,0,0,0,0,0,0,0,0,0,0,0,0,0.010731,0.014113,-0.00261301,0.043323,0.041434,0.056575,0.00870501,0.00800997,0.000230998,0.038356,0.046969,0.012743,0.044387,0.049706,0.033977,0.038356,0.046969,0.012743,0.043041,0.058006,0.016898,0.043323,0.041434,0.056575,0.055552,0.066975,0.00354101,0.061475,0.046394,0.020892,0.057996,0.04925,0.000482008,0.056636,0.064226,-0.009423,0.028837,0.033553,-0.011728,0.034257,0.042162,-0.012244,0,6.89626e-05,5.99027e-06,0.000266001,0.000712037,4.90248e-05,0,0,0,0,0,0,0,0,0,0,0,0,0,0,0,0,0,0,0,0,0,0,0,0,0,0,0,0,0,0,0.010807,0.016575,0.000557005,0.029574,0.05136,0.00334099,0.038356,0.046969,0.012743,0.010731,0.014113,-0.00261301,0.055552,0.066975,0.00354101,0.051204,0.065102,-6.7994e-05,0.056636,0.064226,-0.009423,0.053058,0.060588,-0.012063,0.000266001,0.000712037,4.90248e-05,0.034257,0.042162,-0.012244,0.032363,0.037871,-0.011483,0.002016,0.00174803,-0.000479996,0.03074,0.059396,0.00592601,0.043041,0.058006,0.016898,0.038356,0.046969,0.012743,0.029574,0.05136,0.00334099,0,0,0,0,0,0,0,0,0,0,0,0,0,0,0,0.009898,0.00603002,0.000722021,0.010807,0.016575,0.000557005,0,0,0,0,0,0,0,0,0,0.03074,0.059396,0.00592601,0.022691,0.058541,0.008893,0.051204,0.065102,-6.7994e-05,0.033731,0.06719,-0.00168601,0.03295,0.043279,0.009957,0.029574,0.05136,0.00334099,0,0,0,0,0,0,0,-2.80142e-05,-3.01003e-06,0.002016,0.00174803,-0.000479996,0.007432,-0.001324,-0.00197598,0,0,0,0.053058,0.060588,-0.012063,0.042306,0.056511,-0.013538,0.032363,0.037871,-0.011483,0.037493,0.029176,-0.016273,0.037493,0.029176,-0.016273,0,-0.00507301,-0.000601009,0.007432,-0.001324,-0.00197598,0,-2.80142e-05,-3.01003e-06,8.88178e-16,-0.00579101,-0.000754997,0.042306,0.056511,-0.013538,0.033731,0.06719,-0.00168601,0,-0.00213897,-0.000200003,0,-0.00144899,0.000248998,0.009898,0.00603002,0.000722021,0,-8.04663e-06,4.97699e-06,0.03295,0.043279,0.009957,0,-0.00121301,-0.000122994,0.022691,0.058541,0.008893,0,0,0,0,0,0,0,0,0,0,0,0,0,0,0,0,0,0,0,0,0,0,0,0,0.032355,0.034836,0.06686,0.04572,0.028674,0.034006,0.028896,0.016789,0.077254,0.024206,0.014747,0.049808,0.00072901,-0.000783026,0.000413001,0,0,0,0.011455,-0.00774902,-0.00281799,0,0,0,0,0,0,0,0,0,0,0,0,0,0,0,0,0,0,0,0,0,0,0,0,0,0,0,0,0,0,0,0,0,0,0,0,0,0,0,0,0,0,0,0,0,0,0,0,0,0,0,0,0,0,0,0,0,0,0,0,0,0,0,0,0,0,0,0,0,0,0,0,0,0,0,0,0,0,0,0,0,0,0,0,0,0,0,0,0,0,0,0,0,0,0,0,0,0,0,0,0,0,0,0,0,0,0,0,0,0,0,0,0,0,0,0,0,0,0,0,0,0,0,0,0,0,0,0,0,0,0,0,0,0,0,0,0,0,0,0,0,0,0,0,0,0,0,0,0,0,0,0,0,0,0,0,0,0,0,0,0,0,0.008239,0.011352,0.03562,0.019631,-0.0043,0.071234,0.00132501,0.016767,0.00756101,0,0,0,0,0,0,0,0,0,0,0,0,0,0,0,0,0,0,0,0,0,0,0,0,0,0,0,0,0,0,0.011455,-0.00774902,-0.00281799,0,0,0,0.024206,0.014747,0.049808,0.019305,0.00794303,0.05709,0,0,0,0,0,0,0,0,0,0,0,0,0,0,0,0,0,0,0,0,0,0.029422,0.024311,-0.000629008,0.044216,0.034126,0.005197,0,0,0,0,0,0,0,0,0,0,0,0,0,0,0,0,0,0,0,0,0,0,0,0,0,0,0,0,0,0,0,0,0,0,0,0,0,0,0,0,0,0,0,0,0,0,0,0,0,0,0,0,0,0,0,0,0,0,0,0,0,0,0,0,0,0,0,0,0,0,0,0,0,0,0,0,0,0,0,0,0,0,0,0,0,0,0,0,0,0,0,0,0,0,0,0,0,0,0,0,0,0,0,0,0,0,0,0,0,0,0,0,0,0,0,0,0,0,0,0,0,0,0,0,0,0,0,0,0,0,0,0,0,0,0,0,0,0,0,0,0,0,0,0,0,0,0,0,0,0,0,0,0,0,0,0,0,0,0,0,0,0,0,0,0,0,0,0,0.000523999,-0.000425994,-3.10093e-05,0.001538,-0.000964999,-8.10027e-05,0,0,0,0,0,0,0,0,0,0,0,0,0,0,0,0,0,0,0,0,0,0,0,0,0,0,0,0,0,0,0,0,0,0,0,0,0,0,0,0,0,0,0,0,0,0,0,0,0,0,0,0,0,0,0,0,0,0,0,0,0,0,0,0,0,0,0,0,0,0,0,0,0,0,0,0,0,0,0,0,0,0,0,0,0,0,0,0,0,0,0,0,0,0,0,0,0,0,0,0,0,0,0,0,0,0,0,0,0,0,0,0,0,0,0,0,0,0,0,0,0,0,0,0,0,0,0,0,0,0,0,0,0,0,0,0.00584701,0.008169,0.00402,0.020957,0.014076,0.016869,0,0,0,0,0,0,0,0,0,0,0,0,0.013835,0.00789905,0.004649,0.014233,0.01039,0.011128,0.020568,0.021487,0.015971,0.0302,0.021472,0.013558,0,0,0,0,0,0,0,0,0,0,0,0,0,0,0,0,0,0,0,0,0,0,0,0,0,0,0,0,0,0,0,0,0,0,0,0,0,0,0,0,0,0,0,0,0,0,0,0,0,0,0,0,0,0,0,0,0,0,0,0,0,0,0,0,0,0,0,0,0,0,0,0,0,0,0,0,0,0,0,0,0,0,0,0,0,0,0,0,0,0,0,0,0,0,0,0,0,0,0,0,0,0,0,0,0,0,0,0,0,0,0,0,0,0,0,0,0,0,0,0,0,0,0,0,0,0,0,0,0,0,0,0,0,0,0,0,0,0,0,0,0,0,0,0,0,0,0,0,0,0,0,0,0,0,0,0,0,0,0,0,0,0,0,0,0,0,0,0,0,0,0,0,0,0,0,0,0,0,0,0,0,0,0,0,0,0,0,0,0,0,0,0,0,0,0,0,0,0,0,0,0,0,0,0,0,0,0,0,0,0,0,0,0,0,0,0,0,0,0,0,0,0,0,0,0,0,0,0,0,0,0,0,0,0,0,0,0,0,0,0,0,0,0,0,0,0,0,0,0,0,0,0,0,0,0,0,0,0,0,0,0,0,0,0,0,0,0,0,0,0,0,0,0,0,0,0,0,0,0,0,0,0,0,0,0,0,0,0,0,0,0,0,0,0,0,0,0,0,0,0,0,0,0,0,0,0,0,0,0,0,0,0,0,0,0,0,0,0,0,0,0,0,0,0,0,0,0,0,0,0,0,0,0,0,0,0,0,0,0,0,0,0,0,0,0,0,0,0,0,0,0,0,0,0,0,0,0,0,0,0,0,0,0,0,0,0,0,0,0,0,0,0,0,0,0,0,0,0,0,0,0,0,0,0,0,0,0,0,0,0,0,0,0,0,0,0,0,0,0,0,0,0,0,0,0,0,0,0,0,0,0,0,0,0,0,0,0,0,0,0,0,0,0,0,0,0,0,0,0,0,0,0,0,0,0,0,0,0,0,0,0,0,0,0,0,0,0,0,0,0,0,0,0,0,0,0,0,0,0,0,0,0,0,0,0,0,0,0,0,0,0,0,0,0,0,0,0,0,0,0,0,0,0,0,0,0,0,0,0,0,0,0,0,0,0,0,0,0,0,0,0,0,0,0,0,0,0,0,0,0,0,0,0,0,0,0,0,0,0,0,0,0,0,0,0,0,0,0,0,0,0,0,0,0,0,0,0,0,0,0,0,0,0,0,0,0,0,0,0,0,0,0,0,0,0,0,0,0,0,0,0,0,0,0,0,0,0,0,0,0,0,0,0,0,0,0,0,0,0,0,0,0,0,0,0,0,0,0,0,0,0,0,0,0,0,0,0,0,0,0,0,0,0,0,0,0,0,0,0,0,0,0,0,0,0,0,0,0,0,0,0,0,0,0,0,0,0,0,0,0,0,0,0,0,0,0,0,0,0,0,0,0,0,0,0,0,0,0,0,0,0,0,0,0,0,0,0,0,0,0,0,0,0,0,0,0,0,0,0,0,0,0,0,0,0,0,0,0,0,0,0,0,0,0,0,0,0,0,0,0,0,0,0,0,0,0,0,0,0,0,0,0,0,0,0,0,0,0,0,0,0,0,0,0,0,0,0,0,0,0,0,0,0,0,0,0,0,0,0,0,0,0,0,0,0,0,0,0,0,0,0,0,0,0,0,0,0,0,0,0,0,0,0,0,0,0,0,0,0,0,0,0,0,0,0,0,0,0,0,0,0,0,0,0,0,0,0,0,0,0,0,0,0,0,0,0,0,0,0,0,0,0,0,0,0,0,0,0,0,0,0,0,0,0,0,0,0,0,0,0,0,0,0,0,0,0,0,0,0,0,0,0,0,0,0,0,0,0,0,0,0,0,0,0,0,0,0,0,0,0,0,0,0,0,0,0,0,0,0,0,0,0,0,0,0,0,0,0,0,0,0,0,0,0,0,0,0,0,0,0,0,0,0,0,0,0,0,0,0,0,0,0,0,0,0,0,0,0,0,0,0,0,0,0,0,0,0,0,0,0,0,0,0,0,0,0,0,0,0,0,0,0,0,0,0,0,0,0,0,0,0,0,0,0,0,0,0,0,0,0,0,0,0,0,0,0,0,0,0,0,0,0,0,0,0,0,0,0,0,0,0,0,0,0,0,0,0,0,0,0,0,0,0,0,0,0,0,0,0,0,0,0,0,0,0,0,0,0,0,0,0,0,0,0,0,0,0,0,0,0,0,0,0,0,0,0,0,0,0,0,0,0,0,0,0,0,0,0,0,0,0,0,0,0,0,0,0,0,0,0,0,0,0,0,0,0,0,0,0,0,0,0,0,0,0,0,0,0,0,0,0,0,0,0,0,0,0,0,0,0,0,0,0,0,0,0,0,0,0,0,0,0,0,0,0,0,0,0,0,0,0,0,0,0,0,0,0,0,0,0,0,0,0,0,0,0,0,0,0,0,0,0,0,0,0,0,0,0,0,0,0,0,0,0,0,0,0,0,0,0,0,0,0,0,0,0,0,0,0,0,0,0,0,0,0,0,0,0,0,0,0,0,0,0,0,0,0,0,0,0,0,0,0,0,0,0,0,0,0,0,0,0,0,0,0,0,0,0,0,0,0,0,0,0,0,0,0,0,0,0,0,0,0,0,0,0,0,0,0,0,0,0,0,0,0,0,0,0,0,0,0,0,0,0,0,0,0,0,0,0,0,0,0,0,0,0,0,0,0,0,0,0,0,0,0,0,0,0,0,0,0,0,0,0,0,0,0,0,0,0,0,0,0,0,0,0,0,0,0,0,0,0,0,0,0,0,0,0,0,0,0,0,0,0,0,0,0,0,0,0,0,0,0,0,0,0,0,0,0,0,0,0,0,0,0,0,0,0,0,0,0,0,0,0,0,0,0,0,0,0,0,0,0,0,0,0,0,0,0,0,0,0,0,0,0,0,0,0,0,0,0,0,0,0,0,0,0,0,0,0,0,0,0,0,0,0,0,0,0,0,0,0,0,0,0,0,0,0,0,0,0,0,0,0,0,0,0,0,0,0,0,0,0,0,0,0,0,0,0,0,0,0,0,0,0,0,0,0,0,0,0,0,0,0,0,0,0,0,0,0,0,0,0,0,0,0,0,0,0,0,0,0,0,0,0,0,0,0,0,0,0,0,0,0,0,0,0,0,0,0,0,0,0,0,0,0,0,0,0,0,0,0,0,0,0,0,0,0,0,0,0,0,0,0,0,0,0,0,0,0,0,0,0,0,0,0,0,0,0,0,0,0,0,0,0,0,0,0,0,0,0,0,0,0,0,0,0,0,0,0,0,0,0,0,0,0,0,0,0,0,0,0,0,0,0,0,0,0,0,0,0,0,0,0,0,0,0,0,0,0,0,0,0,0,0,0,0,0,0,0,0,0,0,0,0,0,0,0,0,0,0,0,0,0,0,0,0,0,0,0,0,0,0,0,0,0,0,0,0,0,0,0,0,0,0,0,0,0,0,0,0,0,0,0,0,0,0,0,0,0,0,0,0,0,0,0,0,0,0,0,0,0,0,0,0,0,0,0,0,0,0,0,0,0,0,0,0,0,0,0,0,0,0,0,0,0,0,0,0,0,0,0,0,0,0,0,0,0,0,0,0,0,0,0,0,0,0,0,0,0,0,0,0,0,0,0,0,0,0,0,0,0,0,0,0,0,0,0,0,0,0,0,0,0,0,0,0,0,0,0,0,0,0,0,0,0,0,0,0,0,0,0,0,0,0,0,0,0,0,0,0,0,0,0,0,0,0,0,0,0,0,0,0,0,0,0,0,0,0,0,0,0,0,0,0,0,0,0,0,0,0,0,0,0,0,0,0,0,0,0,0,0,0,0,0,0,0,0,0,0,0,0,0,0,0,0,0,0,0,0,0,0,0,0,0,0,0,0,0,0,0,0,0,0,0,0,0,0,0,0,0,0,0,0,0,0,0,0,0,0,0,0,0,0,0,0,0,0,0,0,0,0,0,0,0,0,0,0,0,0,0,0,0,0,0,0,0,0,0,0,0,0,0,0,0,0,0,0,0,0,0,0,0,0,0,0,0,0,0,0,0,0,0,0,0,0,0,0,0,0,0,0,0,0,0,0,0,0,0,0,0,0,0,0,0,0,0,0,0,0,0,0,0,0,0,0,0,0,0,0,0,0,0,0,0,0,0,0,0,0,0,0,0,0,0,0,0,0,0,0,0,0,0,0,0,0,0,0,0,0,0,0,0,0,0,0,0,0,0,0,0,0,0,0,0,0,0,0,0,0,0,0,0,0,0,0,0,0,0,0,0,0,0,0,0,0,0,0,0,0,0,0,0,0,0,0,0,0,0,0,0,0,0,0,0,0,0,0,0,0,0,0,0,0,0,0,0,0,0,0,0,0,0,0,0,0,0,0,0,0,0,0,0,0,0,0,0,0,0,0,0,0,0,0,0,0,0,-0.036513,-0.000802994,0.053285,0,0,0,0,0,0,0,0,0,0,0,0,0,0,0,0,0,0,0,0,0,0,0,0,0,0,0,0,0,0,0,0,0,0,0,0,-0.043323,0.041434,0.056575,-0.010731,0.014113,-0.00261301,-0.00870501,0.00800997,0.000230998,-0.038356,0.046969,0.012743,-0.044387,0.049706,0.033977,-0.038356,0.046969,0.012743,-0.043323,0.041434,0.056575,-0.043041,0.058006,0.016898,-0.055552,0.066975,0.00354101,-0.061475,0.046394,0.020892,-0.056636,0.064226,-0.009423,-0.057996,0.04925,0.000482008,-0.028837,0.033553,-0.011728,-0.034257,0.042162,-0.012244,0,6.89626e-05,5.99027e-06,-0.000266001,0.000712037,4.90248e-05,0,0,0,0,0,0,0,0,0,0,0,0,0,0,0,0,0,0,-0.010807,0.016575,0.000557005,-0.038356,0.046969,0.012743,-0.029574,0.05136,0.00334099,-0.010731,0.014113,-0.00261301,-0.051204,0.065102,-6.7994e-05,-0.055552,0.066975,0.00354101,-0.056636,0.064226,-0.009423,-0.053058,0.060588,-0.012063,-0.002016,0.00174803,-0.000479996,-0.032363,0.037871,-0.011483,-0.000266001,0.000712037,4.90248e-05,-0.034257,0.042162,-0.012244,-0.03074,0.059396,0.00592601,-0.043041,0.058006,0.016898,-0.038356,0.046969,0.012743,-0.029574,0.05136,0.00334099,0,0,0,0,0,0,0,0,0,0,0,0,0,0,0,-0.010807,0.016575,0.000557005,-0.009898,0.00603002,0.000722021,0,0,0,-0.022691,0.058541,0.008893,-0.03074,0.059396,0.00592601,-0.051204,0.065102,-6.7994e-05,-0.033731,0.06719,-0.00168601,-0.03295,0.043279,0.009957,-0.029574,0.05136,0.00334099,-0.002016,0.00174803,-0.000479996,-0.007432,-0.001324,-0.00197598,-0.032363,0.037871,-0.011483,-0.037493,0.029176,-0.016273,-0.042306,0.056511,-0.013538,-0.053058,0.060588,-0.012063,-0.007432,-0.001324,-0.00197598,-0.037493,0.029176,-0.016273,-0.042306,0.056511,-0.013538,-0.033731,0.06719,-0.00168601,-0.009898,0.00603002,0.000722021,-0.03295,0.043279,0.009957,-0.022691,0.058541,0.008893,0,0,0,0,0,0,0,0,0,0,0,0,0,0,0,0,0,0,-0.032355,0.034836,0.06686,-0.04572,0.028674,0.034006,-0.028896,0.016789,0.077254,-0.00072901,-0.000783026,0.000413001,-0.024206,0.014747,0.049808,0,0,0,-0.011455,-0.00774902,-0.00281799,0,0,0,0,0,0,0,0,0,0,0,0,0,0,0,0,0,0,0,0,0,0,0,0,0,0,0,0,0,0,0,0,0,0,0,0,0,0,0,0,0,0,0,0,0,0,0,0,0,0,0,0,0,0,0,0,0,0,0,0,0,0,0,0,0,0,0,0,0,0,0,0,0,0,0,0,0,0,0,0,0,0,0,0,0,0,0,0,0,0,0,0,0,0,0,0,0,0,0,0,0,0,0,0,0,0,0,0,0,0,0,0,0,0,0,0,0,0,0,0,0,0,0,0,0,0,0,0,0,0,0,0,0,0,0,0,0,0,0,0,0,0,0,0,0,0,0,0,0,0,0,0,0,0,0,0,-0.008239,0.011352,0.03562,-0.019631,-0.0043,0.071234,-0.00132501,0.016767,0.00756101,0,0,0,0,0,0,0,0,0,0,0,0,0,0,0,0,0,0,0,0,0,0,0,0,-0.011455,-0.00774902,-0.00281799,0,0,0,-0.024206,0.014747,0.049808,-0.019305,0.00794303,0.05709,0,0,0,0,0,0,-0.029422,0.024311,-0.000629008,-0.044216,0.034126,0.005197,0,0,0,0,0,0,0,0,0,0,0,0,0,0,0,0,0,0,0,0,0,0,0,0,0,0,0,0,0,0,0,0,0,0,0,0,0,0,0,0,0,0,0,0,0,0,0,0,0,0,0,0,0,0,0,0,0,0,0,0,0,0,0,0,0,0,0,0,0,0,0,0,0,0,0,0,0,0,0,0,0,0,0,0,0,0,0,0,0,0,0,0,0,0,0,0,0,0,0,0,0,0,0,0,0,0,0,0,0,0,0,0,0,0,0,0,0,0,0,0,0,0,0,0,0,0,0,0,0,0,0,0,0,0,0,0,0,0,-0.001538,-0.000964999,-8.10027e-05,-0.000523999,-0.000425994,-3.10093e-05,0,0,0,0,0,0,0,0,0,0,0,0,0,0,0,0,0,0,0,0,0,0,0,0,0,0,0,0,0,0,0,0,0,0,0,0,0,0,0,0,0,0,0,0,0,0,0,0,0,0,0,0,0,0,0,0,0,0,0,0,0,0,0,0,0,0,0,0,0,0,0,0,0,0,0,0,0,0,0,0,0,0,0,0,0,0,0,0,0,0,0,0,0,0,0,0,0,0,0,0,0,0,0,0,0,0,0,0,0,0,0,0,0,0,0,0,0,0,0,0,0,0,0,0,0,0,0,0,0,-0.00584701,0.008169,0.00402,-0.020957,0.014076,0.016869,0,0,0,0,0,0,0,0,0,0,0,0,-0.013835,0.00789905,0.004649,-0.014233,0.01039,0.011128,-0.020568,0.021487,0.015971,-0.0302,0.021472,0.013558,0,0,0,0,0,0,0,0,0,0,0,0,0,0,0,0,0,0,0,0,0,0,0,0,0,0,0,0,0,0,0,0,0,0,0,0,0,0,0,0,0,0,0,0,0,0,0,0,0,0,0,0,0,0,0,0,0,0,0,0,0,0,0,0,0,0,0,0,0,0,0,0,0,0,0,0,0,0,0,0,0,0,0,0,0,0,0,0,0,0,0,0,0,0,0,0,0,0,0,0,0,0,0,0,0,0,0,0,0,0,0,0,0,0,0,0,0,0,0,0,0,0,0,0,0,0,0,0,0,0,0,0,0,0,0,0,0,0,0,0,0,0,0,0,0,0,0,0,0,0,0,0,0,0,0,0,0,0,0,0,0,0,0,0,0,0,0,0,0,0,0,0,0,0,0,0,0,0,0,0,0,0,0,0,0,0,0,0,0,0,0,0,0,0,0,0,0,0,0,0,0,0,0,0,0,0,0,0,0,0,0,0,0,0,0,0,0,0,0,0,0,0,0,0,0,0,0,0,0,0,0,0,0,0,0,0,0,0,0,0,0,0,0,0,0,0,0,0,0,0,0,0,0,0,0,0,0,0,0,0,0,0,0,0,0,0,0,0,0,0,0,0,0,0,0,0,0,0,0,0,0,0,0,0,0,0,0,0,0,0,0,0,0,0,0,0,0,0,0,0,0,0,0,0,0,0,0,0,0,0,0,0,0,0,0,0,0,0,0,0,0,0,0,0,0,0,0,0,0,0,0,0,0,0,0,0,0,0,0,0,0,0,0,0,0,0,0,0,0,0,0,0,0,0,0,0,0,0,0,0,0,0,0,0,0,0,0,0,0,0,0,0,0,0,0,0,0,0,0,0,0,0,0,0,0,0,0,0,0,0,0,0,0,0,0,0,0,0,0,0,0,0,0,0,0,0,0,0,0,0,0,0,0,0,0,0,0,0,0,0,0,0,0,0,0,0,0,0,0,0,0,0,0,0,0,0,0,0,0,0,0,0,0,0,0,0,0,0,0,0,0,0,0,0,0,0,0,0,0,0,0,0,0,0,0,0,0,0,0,0,0,0,0,0,0,0,0,0,0,0,0,0,0,0,0,0,0,0,0,0,0,0,0,0,0,0,0,0,0,0,0,0,0,0,0,0,0,0,0,0,0,0,0,0,0,0,0,0,0,0,0,0,0,0,0,0,0,0,0,0,0,0,0,0,0,0,0,0,0,0,0,0,0,0,0,0,0,0,0,0,0,0,0,0,0,0,0,0,0,0,0,0,0,0,0,0,0,0,0,0,0,0,0,0,0,0,0,0,0,0,0,0,0,0,0,0,0,0,0,0,0,0,0,0,0,0,0,0,0,0,0,0,0,0,0,0,0,0,0,0,0,0,0,0,0,0,0,0,0,0,0,0,0,0,0,0,0,0,0,0,0,0,0,0,0,0,0,0,0,0,0,0,0,0,0,0,0,0,0,0,0,0,0,0,0,0,0,0,0,0,0,0,0,0,0,0,0,0,0,0,0,0,0,0,0,0,0,0,0,0,0,0,0,0,0,0,0,0,0,0,0,0,0,0,0,0,0,0,0,0,0,0,0,0,0,0,0,0,0,0,0,0,0,0,0,0,0,0,0,0,0,0,0,0,0,0,0,0,0,0,0,0,0,0,0,0,0,0,0,0,0,0,0,0,0,0,0,0,0,0,0,0,0,0,0,0,0,0,0,0,0,0,0,0,0,0,0,0,0,0,0,0,0,0,0,0,0,0,0,0,0,0,0,0,0,0,0,0,0,0,0,0,0,0,0,0,0,0,0,0,0,0,0,0,0,0,0,0,0,0,0,0,0,0,0,0,0,0,0,0,0,0,0,0,0,0,0,0,0,0,0,0,0,0,0,0,0,0,0,0,0,0,0,0,0,0,0,0,0,0,0,0,0,0,0,0,0,0,0,0,0,0,0,0,0,0,0,0,0,0,0,0,0,0,0,0,0,0,0,0,0,0,0,0,0,0,0,0,0,0,0,0,0,0,0,0,0,0,0,0,0,0,0,0,0,0,0,0,0,0,0,0,0,0,0,0,0,0,0,0,0,0,0,0,0,0,0,0,0,0,0,0,0,0,0,0,0,0,0,0,0,0,0,0,0,0,0,0,0,0,0,0,0,0,0,0,0,0,0,0,0,0,0,0,0,0,0,0,0,0,0,0,0,0,0,0,0,0,0,0,0,0,0,0,0,0,0,0,0,0,0,0,0,0,0,0,0,0,0,0,0,0,0,0,0,0,0,0,0,0,0,0,0,0,0,0,0,0,0,0,0,0,0,0,0,0,0,0,0,0,0,0,0,0,0,0,0,0,0,0,0,0,0,0,0,0,0,0,0,0,0,0,0,0,0,0,0,0,0,0,0,0,0,0,0,0,0,0,0,0,0,0,0,0,0,0,0,0,0,0,0,0,0,0,0,0,0,0,0,0,0,0,0,0,0,0,0,0,0,0,0,0,0,0,0,0,0,0,0,0,0,0,0,0,0,0,0,0,0,0,0,0,0,0,0,0,0,0,0,0,0,0,0,0,0,0,0,0,0,0,0,0,0,0,0,0,0,0,0,0,0,0,0,0,0,0,0,0,0,0,0,0,0,0,0,0,0,0,0,0,0,0,0,0,0,0,0,0,0,0,0,0,0,0,0,0,0,0,0,0,0,0,0,0,0,0,0,0,0,0,0,0,0,0,0,0,0,0,0,0,0,0,0,0,0,0,0,0,0,0,0,0,0,0,0,0,0,0,0,0,0,0,0,0,0,0,0,0,0,0,0,0,0,0,0,0,0,0,0,0,0,0,0,0,0,0,0,0,0,0,0,0,0,0,0,0,0,0,0,0,0,0,0,0,0,0,0,0,0,0,0,0,0,0,0,0,0,0,0,0,0,0,0,0,0,0,0,0,0,0,0,0,0,0,0,0,0,0,0,0,0,0,0,0,0,0,0,0,0,0,0,0,0,0,0,0,0,0,0,0,0,0,0,0,0,0,0,0,0,0,0,0,0,0,0,0,0,0,0,0,0,0,0,0,0,0,0,0,0,0,0,0,0,0,0,0,0,0,0,0,0,0,0,0,0,0,0,0,0,0,0,0,0,0,0,0,0,0,0,0,0,0,0,0,0,0,0,0,0,0,0,0,0,0,0,0,0,0,0,0,0,0,0,0,0,0,0,0,0,0,0,0,0,0,0,0,0,0,0,0,0,0,0,0,0,0,0,0,0,0,0,0,0,0,0,0,0,0,0,0,0,0,0,0,0,0,0,0,0,0,0,0,0,0,0,0,0,0,0,0,0,0,0,0,0,0,0,0,0,0,0,0,0,0,0,0,0,0,0,0,0,0,0,0,0,0,0,0,0,0,0,0,0,0,0,0,0,0,0,0,0,0,0,0,0,0,0,0,0,0,0,0,0,0,0,0,0,0,0,0,0,0,0,0,0,0,0,0,0,0,0,0,0,0,0,0,0,0,0,0,0,0,0,0,0,0,0,0,0,0,0,0,0,0,0,0,0,0,0,0,0,0,0,0,0,0,0,0,0,0,0,0,0,0,0,0,0,0,0,0,0,0,0,0,0,0,0,0,0,0,0,0,0,0,0,0,0,0,0,0,0,0,0,0,0,0,0,0,0,0,0,0,0,0,0,0,0,0,0,0,0,0,0,0,0,0,0,0,0,0,0,0,0,0,0,0,0,0,0,0,0,0,0,0,0,0,0,0,0,0,0,0,0,0,0,0,0,0,0,0,0,0,0,0,0,0,0,0,0,0,0,0,0,0,0,0,0,0,0,0,0,0,0,0,0,0,0,0,0,0,0,0,0,0,0,0,0,0,0,0,0,0,0,0,0,0,0,0,0,0,0,0,0,0,0,0,0,0,0,0,0,0,0,0,0,0,0,0,0,0,0,0,0,0,0,0,0,0,0,0,0,0,0,0,0,0,0,0,0,0,0,0,0,0,0,0,0,0,0,0,0,0,0,0,0,0,0,0,0,0,0,0,0,0,0,0,0,0,0,0,0,0,0,0,0,0,0,0,0,0,0,0,0,0,0,0,0,0,0,0,0,0,0,0,0,0,0,0,0,0,0,0,0,0,0,0,0,0,0,0,0,0,0,0,0,0,0,0,0,0,0,0,0,0,0,0,0,0,0,0,0,0,0,0,0,0,0,0,0,0,0,0,0,0,0,0,0,0,0,0,0,0,0,0,0,0,0,0,0,0,0,0,0,0,0,0,0,0,0,0,0,0,0,0,0,0,0,0,0,0,0,0,0,0,0,0,0,0,0,0,0,0,0,0,0,0,0,0,0,0,0,0,0,0,0,0,0,0,0,0,0,0,0,0,0,0,0,0,0,0,0,0,0,0,0,0,0,0,0,0,0,0,0,0,0,0,0,0,0,0,0,0,0,0,0,0,0,0,0,0,0,0,0,0,0,0,0,0,0,0,0,0,0,0,0,0,0,0,0,0,0,0,0,0,0,0,0,0,0,0,0,0,0,0,0,0,0,0,0,0,0,0,0,0,0,0,0,0,0,0,0,0,0,0,0,0,0,0,0,0,0,0,0,0,0,0,0,0,0,0,0,0,0,0,0,0,0,0,0,0,0,0,0,0,0,0,0,0,0,0,0,0,0,0,0,0,0,0,0,0,0,0,0,0,0,0,0,0,0,0,0,0,0,0,0,0,0,0,0,0,0,0,0,0,0,0,0,0,0,0,0,0,0,0,0,0,0,0,0,0,0,0,0,0,0,0,0,0,0,0,0,0,0,0,0,0,0,0,0,0,0,0,0,0,0,0,0,0,0,0,0,0,0,0,0,0,0,0,0,0,0,0,0,0,0,0,0,0,0,0,0,0,0,0,0,0,0,0,0,0,0,0,0,0,0,0,0,0,0,0,0,0,0,0,0,0,0,0,0,0,0,0,0,0,0,0,0,0,0,0,0,0,0,0,0,0,0,0,0,0,0,0,0,0,0,0,0,0,0,0,0,0,0,0,0,0,0,0,0,0,0,0,0,0,0,0,0,0,0,0,0,0,0,0,0,0,0,0,0,0,0,0,0,0,0,0,0,0,0,0,0,0,0,0,0,0,0,0,0,0,0,0,0,0,0,0,0,0,0,0,0,0,0,0,0,0,0,0,0,0,0,0,0,0,0,0,0,0,0,0,0,0,0,0,0,0,0,0,0,0,0,0,0,0,0,0,0,0,0,0,0,0,0,0,0,0,0,0,0,0,0,0,0,0,0,0,0,0,0,0,0,0,0,0,0,0,0,0,0,0,0,0,0,0,0,0,0,0,0,0,0,0,0,0,0,0,0,0,0,0,0,0,0,0,0,0,0,0,0,0,0,0,0,0,0,0,0,0,0,0,0,0,0,0,0,0,0,0,0,0,0,0,0,0,0,0,0,0,0,0,0,0,0,0,0,0,0,0,0,0,0,0,0,0,0,0,0,0,0,0,0,0,0,0,0,0,0,0,0,0,0,0,0,0,0,0,0,0,0,0,0,0,0,0,0,0,0,0,0,0,0,0,0,0,0,0,0,0,0,0,0,0,0,0,0,0,0,0,0,0,0,0,0,0,0,0,0,0,0,0,0,0,0,0,0,0,0,0,0,0,0,0,0,0,0,0,0,0,0,0,0,0,0,0,0,0,0,0,0,0,0,0,0,0,0,0,0,0,0,0,0,0,0,0,0,0,0,0,0,0,0,0,0,0,0,0,0,0,0,0,0,0,0,0,0,0,0,0,0,0,0,0,0,0,0,0,0,0,0,0,0,0,0,0,0,0,0,0,0,0,0,0,0,0,0,0,0,0,0,0,0,0,0,0,0,0,0,0,0,0,0,0,0,0,0,0,0,0,0,0,0,0,0,0,0,0,0,0,0,0,0,0,0,0,0,0,0,0,0,0,0,0,0,0,0,0,0,0,0,0,0,0,0,0,0,0,0,0,0,0,0,0,0,0,0,0,0,0,0,0,0,0,0,0,0,0,0,0,0,0,0,0,0,0,0,0,0,0,0,0,0,0,0,0,0,0,0,0,0,0,0,0,0,0,0,0,0,0,0,0,0,0,0,0,0,0,0,0,0,0,0,0,0,0,0,0,0,0,0,0,0,0,0,0,0,0,0,0,0,0,0,0,0,0,0,0],"deltaNormals":[-1.45227,0.367813,-0.25217,-1.7,0.1109,0.150019,-0.092689,0.838574,0.954184,-1.2143,0.458988,-0.31899,-1.18224,0.665714,-0.85513,-1.1701,0.708284,-0.528901,-1.11698,0.742997,-0.46208,0.42065,0.660823,1.22712,-0.223368,-0.037193,0.073518,-0.41425,0.969764,0.00705601,0.275888,0.46544,1.56072,-0.375558,0.384285,1.4861,-0.243861,0.456399,1.64384,-0.315164,0.358588,1.20935,-0.301247,0.18319,1.44069,-0.832139,-0.532214,1.20036,-0.360977,-0.240243,1.03157,-0.912082,-0.578847,0.896448,-0.082055,-0.23077,1.38332,0.056536,-0.090418,1.36618,-0.082055,-0.23077,1.38332,0.041986,-0.249249,1.34605,-0.360977,-0.240243,1.03157,0.236188,0.092493,1.10907,0.174398,-0.25467,1.21979,0.071631,-0.210229,1.19569,-0.09427,-0.136217,0.901435,0.152851,-0.372082,0.963957,0.128295,-0.010702,0.815477,0.401918,0.025994,1.02797,0.223716,0.050069,0.753008,-0.756064,1.1053,-0.016217,-0.610153,-0.020372,0.313695,0.670235,-0.615538,1.52205,0.763713,-0.505893,1.26066,0.380468,-0.156168,1.85755,0.310577,-0.091243,1.93418,0.494,-0.818463,1.43274,0.613573,-0.130182,1.78862,-0.414249,0.41443,0.183536,-0.414249,0.41443,0.183536,0.617663,-0.686618,1.16063,0.732457,-0.558337,1.21858,0.328553,-0.675786,1.62336,-0.204719,-0.88507,1.64916,0.728327,0.419589,0.755477,0.915283,0.664908,0.354264,0.426139,0.137171,-0.103819,0.509816,0.29176,-0.068256,0.517323,0.120564,-0.503823,0.599781,0.285178,-0.409763,0.153709,-0.123042,-0.262806,-0.02854,-0.166523,-0.18141,0.478125,-0.311715,1.46955,0.463628,-0.311418,1.42217,0.328553,-0.675786,1.62336,0.732457,-0.558337,1.21858,1.12831,-1.29507,0.755778,1.49692,-1.0477,0.732126,0.967107,-1.51071,0.730367,1.01669,-1.59315,0.58028,1.33092,-0.98046,0.956031,1.21816,-1.15075,0.904588,1.6763,-0.848192,0.620775,1.75516,-0.7623,0.58057,0.132687,-0.098703,-0.300524,-0.41425,-0.589157,-0.686499,1.20244,-0.62709,1.08461,1.54353,-0.296811,1.01585,1.82066,0.045656,0.060012,1.36433,-0.253213,0.463569,1.19877,-0.975215,1.02411,1.58494,-0.799211,0.784312,0.651713,0.613785,-1.46245,-0.756064,0.990291,-1.29838,0.608666,-0.758033,-1.53053,0.568088,-0.906172,-0.43351,0.974431,-0.571759,-0.383227,0.651713,-0.274814,-1.73595,1.27527,-0.231802,-0.241265,1.18929,-0.485663,-0.456598,0.985515,-0.693688,-0.430515,1.11094,-0.657256,-0.536522,0.846174,-0.275065,-0.537758,0.651713,0.251704,-1.69245,0.813936,-0.387868,-0.420146,0.608666,-0.47983,-1.54312,0.637228,1.25132,-1.20518,0.847601,-0.123036,-0.44208,0.565299,0.355659,0.780833,0.132687,1.88645,-0.543131,0.651713,0.035568,0.238971,0.367324,-0.952617,1.43423,0.637228,0.50672,0.588914,0.339153,-0.66683,1.43578,0.966703,0.441506,0.601703,0.613744,0.053481,1.40819,0.811768,0.470936,0.973081,0.417829,-0.726173,1.62844,0.672343,-0.800539,0.998548,0.24671,-0.862619,1.51873,-0.648629,-0.98668,0.230704,0.466065,-0.107616,-0.048776,0.672343,-1.63988,-0.436264,-0.473991,-0.676316,0.924902,0.221151,-0.00467202,1.03412,0.192088,-0.39742,1.02291,0.089749,-0.025451,0.625584,-0.327628,-0.247727,0.39535,-0.184474,-0.286927,0.133726,-0.087054,-0.576456,-0.41988,-0.117,-0.607989,-0.403836,0.501001,0.959319,-1.15917,0.637228,0.822863,-1.38591,-0.545034,0.038694,0.489317,-0.561387,0.254137,0.785491,0.047036,0.272439,0.533584,-0.436261,-0.157411,-0.236707,-0.523897,-0.167571,-0.280876,-0.519259,-0.167115,-0.289786,-0.572618,-0.191015,-0.205645,-0.497069,-0.198652,-0.179166,-0.683318,-0.263755,-0.105777,-0.688524,-0.269763,-0.098503,-0.723689,-0.306494,-0.123266,-0.698118,-0.303071,-0.205273,-0.730924,-0.318272,-0.021082,-0.731123,-0.318294,-0.01689,-0.652851,-0.316364,0.048863,-0.735871,-0.317485,0.00186499,-0.509561,-0.270519,-0.08152,-0.501663,-0.268181,-0.093184,-0.6371,-0.281594,0.053818,-0.492102,-0.250657,-0.110891,-0.518276,-0.209084,-0.094417,-0.510297,-0.207078,-0.093209,-0.345002,-0.133407,-0.149494,-0.409719,1.35264,0.857779,-0.625106,-1.77743,-0.056752,-0.524528,-1.72615,0.315079,-0.090059,-0.359327,0.694162,0.099079,-0.248382,0.860659,-0.059502,-1.44774,0.681617,0.567778,0.073566,1.37202,0.368542,-0.103274,1.2319,0.11253,-1.22045,0.854569,-0.262445,-1.60399,0.431519,0.190122,-0.228585,1.07198,0.390471,-0.651826,1.73631,0.25143,0.402248,1.82578,0.84618,0.305523,0.090655,0.507171,-0.789386,-0.97892,0.236685,-0.980138,-1.10394,0.725088,0.255372,-0.17352,0.944584,0.321718,0.266313,0.739924,-0.643357,-0.815427,1.13353,0.473584,0.196936,0.67737,-0.172632,0.202419,-0.207467,-1.36068,-0.971463,-0.219685,-1.75678,-0.010591,0.091035,-0.933739,0.221469,-0.472242,-1.67378,-0.623165,0.585002,-0.917761,1.02554,0.390471,-0.651826,1.73631,0.534314,-1.64304,0.442007,0.567778,0.073566,1.37202,-0.649817,-0.608431,0.555479,-0.903117,-0.306207,0.736702,-0.997604,-0.672455,0.870381,-0.8798,-0.669553,0.113766,-1.80321,-0.176605,-0.579851,-1.4591,-0.203036,-0.474312,-0.071309,0.660894,0.426648,-1.21168,0.544335,-0.778464,-1.64263,-0.055989,-0.373372,-1.58402,-0.152435,-0.623205,-1.17453,0.647096,-0.33136,0.672343,0.258994,0.039523,0.501001,1.84941,-0.149595,0.187757,0.162572,0.390273,-1.1882,0.516325,-0.301117,0.217365,0.34612,0.75793,-1.26364,0.658356,-0.344117,-0.984332,1.16351,0.04248,-1.18588,0.62586,-0.270736,0.211567,0.038538,-0.109886,0.966703,0.881234,-0.256357,-0.622155,1.70423,-0.3229,-1.162,-0.42978,1.14164,0.608666,-0.447481,0.444363,-1.30118,0.104162,1.2925,-1.22771,-0.538017,1.03938,-1.77155,-0.38303,-0.331453,-0.97868,0.818626,0.530768,-1.69002,-0.488814,-0.617363,-0.276787,1.01307,-0.105156,0.966703,0.092446,-1.20443,-0.606986,1.06807,0.509562,0.637228,0.429565,-1.37271,0.061519,-0.024306,-0.000532007,0.966703,-0.599179,-1.1037,-0.39559,0.51224,-0.192256,-0.451478,1.44331,-0.948211,0.966703,0.473097,-1.03326,-1.07719,1.55039,-0.184755,-1.10351,1.53389,0.044618,0.608666,0.251169,0.017043,-1.01961,1.58399,0.522219,-0.567175,1.72113,0.181391,0.501001,1.6442,0.441827,-1.17194,1.16587,0.960887,0.811768,1.15412,0.800746,0.608666,-0.363963,0.430077,-0.559232,1.0615,0.64143,-1.09546,0.642196,0.379596,-1.51447,0.852486,0.5563,-1.24761,0.297414,-0.269736,-1.2365,1.0532,-0.370917,-1.13228,1.56992,0.380021,-1.19269,1.56777,-0.090141,0.966703,0.876497,-0.328465,0.811768,1.51201,0.351062,-1.44247,0.39982,-0.442027,-1.15706,0.789156,-0.583037,-0.966647,1.18947,-0.567082,-1.15249,0.710154,-0.440329,-0.557584,-0.685808,-0.00261898,-0.278021,-0.622503,0.110055,0.946726,0.458204,-0.517259,-0.353154,0.931101,-0.882965,-0.210919,0.792589,-0.623741,-0.196146,1.05049,-0.884683,-0.072303,0.285812,-0.173437,-0.411306,0.613259,-0.510772,-0.15612,0.466181,-0.335302,-0.644942,0.169967,-0.090609,-0.262368,0.245127,-0.32746,0.164904,-1.37875,-0.600574,-0.363766,0.458644,-0.463283,0.672343,-1.49915,-0.65083,-0.109173,0.991206,-0.384351,0.946726,0.050295,-0.686388,-0.164836,0.255748,0.017732,0.572401,-0.140351,-0.191807,0.811768,0.630815,-1.01944,0.466065,0.745868,-0.826078,0.167845,-1.17538,-0.959909,0.946726,-0.177863,-0.699159,0.84043,-0.262749,0.970923,0.161582,-0.160946,1.90801,0.380643,0.677225,0.990075,0.392792,0.535545,0.634703,-0.390798,-0.196744,-0.387891,-1.50695,0.259052,-0.44785,-0.710432,0.466326,0.910473,-0.485145,-0.224598,-0.373944,-0.108482,0.12967,0.702349,-0.802208,-0.207827,0.741754,-0.466413,-0.194888,-0.268633,-0.955602,1.70681,-0.11028,-0.767949,-0.415855,0.085477,-0.712772,1.63545,0.745839,-0.437065,-0.195216,0.358219,-0.519637,-0.292333,0.220613,-0.310684,-0.072657,0.082844,-0.216058,-0.023546,0.011876,-0.319834,-0.057218,-0.189061,-0.184879,-0.073232,-0.37814,0.368542,-0.103274,1.2319,0.574075,-1.84693,0.083722,0.190122,-0.228585,1.07198,0.099079,-0.248382,0.860659,0.312365,-1.03904,0.829893,-0.090059,-0.359327,0.694162,-0.50172,-1.82147,-0.020637,-0.512952,-1.78098,-0.481879,-0.671159,-1.66341,0.089576,-0.678173,-0.83626,1.12231,-0.349739,-1.91887,0.262659,-0.466746,-1.03242,0.68204,0.526215,-0.224126,0.142855,0.946726,-1.10733,0.453431,-0.3737,-0.488525,1.36057,-0.465596,-1.57629,0.970592,-1.65995,-0.874071,-0.063077,-0.431404,-1.5098,1.15132,-0.303512,-0.721774,1.45353,-0.180412,-1.56379,1.18632,0.572401,-1.021,1.27851,0.946726,-0.868095,0.961932,-0.124021,-1.56925,0.703635,0.167845,-1.5576,0.842148,-0.497816,-1.27476,1.30356,-0.61758,-1.14647,0.897712,-0.235317,-1.56402,0.618435,-0.556885,-0.94537,0.916747,-0.577956,-0.80478,0.681234,-0.095329,-0.186766,-0.065867,0.946726,-0.535308,1.20849,0.643679,-0.375254,0.272074,-0.192419,-1.33276,0.80817,-0.267406,-1.13936,0.879501,-0.29679,0.346432,0.051033,-0.252083,-0.973016,0.858612,-0.275113,-0.966617,0.808786,-0.289115,-1.21771,0.871483,0.456858,0.394325,0.123279,-1.23521,0.878738,-0.26675,-0.982497,0.251285,-0.523152,0.036505,0.104755,0.116182,-0.149083,-0.191641,-0.147738,-0.041808,-0.479986,-0.390856,-0.449878,0.16405,-1.83486,-1.05749,0.402693,-1.4746,0.030152,-0.388898,0.165552,0.625815,-0.407985,-0.827511,0.219961,-0.317398,-0.038175,-0.7189,-0.652388,-1.67708,0.211567,-0.183266,-0.826369,0.466065,1.78478,-0.235305,-0.133213,-0.911228,-0.283858,-0.453936,-0.253983,-1.87388,0.164904,-1.69015,-0.363342,0.966703,-0.639629,-1.08027,0.995848,-0.533667,1.36708,0.914069,0.183006,1.65261,1.0833,0.618082,1.0544,0.787121,0.179832,0.974829,0.852086,-0.076468,-0.794912,0.542833,-0.040076,-0.36998,0.732894,-0.374776,-0.141339,0.814856,0.087202,-0.726057,0.873654,0.744716,-0.705221,0.84014,0.768926,-0.490241,0.917716,-0.83859,0.68004,0.062717,0.00951102,0.273911,0.632091,1.74876,0.03353,0.969272,0.963098,1.06904,0.71707,1.57536,0.794237,0.976114,1.15831,-0.067136,0.449528,0.581165,-0.00285002,0.582046,1.71132,0.068685,0.536983,1.13236,0.620029,0.49265,1.25238,-0.543004,0.725859,1.62457,0.718347,0.687259,0.867691,1.36496,0.622865,-0.854501,1.0257,1.14547,-0.263284,1.09016,0.090357,0.009898,0.446397,0.187608,0.441447,0.980904,0.493748,-0.718163,0.283026,-0.039216,0.132345,-0.354777,0.416259,-0.081051,-0.141114,0.487211,0.535652,-0.757782,0.939362,0.23469,1.6387,1.1502,0.363563,1.31048,0.190629,-0.331848,-0.082174,0.317822,-0.857427,-0.361765,-0.019361,-0.616549,0.413202,-0.271479,-0.402554,0.670219,0.025962,-0.201084,0.127315,-0.154417,-0.020597,0.279156,0.00985598,0.201595,0.158366,-0.290736,0.625234,0.624145,0.097658,-0.310463,-0.296091,-0.273406,0.065754,0.563197,-0.268429,0.091072,0.544682,-0.178875,-0.987607,-0.237065,0.300085,0.997342,0.625375,0.526215,1.72252,0.279023,-0.056518,0.938427,0.627237,0.285001,-0.793104,0.353599,0.244644,-0.834135,0.549523,0.572401,-1.05559,0.409493,0.946726,-1.1011,0.109183,-0.297312,0.531319,0.810849,0.078782,0.842288,0.740869,0.203859,-0.835964,0.76731,0.204116,-0.058869,0.3094,0.526215,1.72667,0.5496,0.378906,1.00677,0.791156,-0.150097,-0.506187,0.746563,-0.267757,-0.018375,0.6803,-0.273406,0.065754,0.563197,-0.267757,-0.018375,0.6803,-0.268429,0.091072,0.544682,0.939362,0.23469,1.6387,1.1502,0.363563,1.31048,1.0833,0.618082,1.0544,0.914069,0.183006,1.65261